40.1689 47.6062 
35.4569 43.5099 
37.9198 41.9634 
39.7061 24.6639 
33.9413 44.2978 
22.7679 39.3459 
42.6129 44.4896 
40.9816 15.7273 
26.4508 49.5358 
41.7226 47.492 
43.0367 45.7453 
37.7167 45.4261 
37.0062 36.1636 
38.2012 35.1907 
48.6798 37.9062 
41.3268 39.6667 
42.7073 38.5864 
39.3124 31.4162 
41.4239 41.5773 
41.81 41.0105 
15.5745 36.2466 
38.7167 41.7756 
37.9365 46.9354 
36.0085 41.598 
48.8327 39.3191 
48.5992 38.9485 
46.5907 38.7945 
41.7999 41.7424 
51.5858 44.0566 
28.4938 51.5998 
38.2259 43.3284 
17.469 34.6371 
45.1241 42.6391 
39.6323 41.116 
43.006 41.8878 
42.4984 27.039 
41.1371 38.237 
38.4923 38.9412 
44.7648 40.0105 
41.7088 42.5108 
41.1818 20.4466 
40.36 38.8188 
48.459 30.807 
41.6429 38.8265 
36.5473 40.888 
42.241 45.8205 
46.936 41.3315 
44.6579 37.4828 
50.6705 28.533 
33.8544 37.9231 
47.7784 19.7224 
26.4497 41.7057 
32.9954 35.9984 
37.0476 47.5102 
37.2459 46.3254 
41.0677 40.4003 
43.5289 45.9477 
40.1844 40.4572 
38.5124 40.1064 
33.6163 40.5148 
40.8349 37.5484 
45.5059 45.8273 
33.7241 28.9595 
30.2156 47.5815 
42.6323 37.7766 
41.4136 47.3378 
38.5134 42.9086 
22.7616 45.2696 
29.0295 39.5745 
44.9011 40.1928 
43.6245 27.8161 
38.6823 39.5446 
43.1057 41.3617 
46.8783 40.0864 
29.3811 28.9748 
47.4859 43.6723 
48.7411 38.1961 
47.5782 41.7496 
41.7555 38.7909 
30.2036 41.2259 
45.0082 44.2969 
47.0782 20.6892 
46.9354 42.5685 
46.9166 33.0586 
29.2371 41.1128 
40.0547 34.0834 
50.3174 42.5375 
43.2645 40.3414 
47.0704 38.6274 
41.4673 37.7639 
31.5179 15.5518 
25.9328 48.2213 
36.4338 33.6873 
25.7965 43.4534 
39.255 39.9625 
43.287 47.5677 
42.4536 38.7972 
49.3481 37.4728 
43.8146 42.2723 
35.8473 43.2303 
37.3873 48.4926 
43.9115 41.0696 
39.5583 50.5555 
40.0452 40.5161 
49.8444 48.2521 
45.9151 43.0597 
45.9442 45.9766 
40.2936 22.724 
42.6938 41.5054 
44.3301 35.4358 
36.6474 36.4296 
42.7788 37.9261 
49.4176 41.7202 
42.4339 47.5842 
31.6197 26.4794 
38.9057 29.7772 
20.0878 41.7498 
37.7988 30.5528 
41.0161 46.245 
48.0496 41.2235 
26.7095 39.5503 
24.6007 37.534 
39.7208 46.5227 
41.2681 46.3316 
33.0029 39.6913 
46.1332 35.7682 
40.1876 48.0348 
34.3936 40.7901 
41.8097 34.7285 
43.7642 31.243 
42.4472 38.6021 
41.74 39.5729 
44.826 40.5644 
45.5699 40.1707 
41.2847 40.6253 
37.1974 41.4729 
40.3021 39.6321 
35.0113 47.4262 
40.7207 42.5202 
41.4788 47.6114 
47.9594 39.7208 
47.9783 40.3569 
30.9987 42.9721 
37.33 45.2455 
37.834 48.3713 
38.1159 30.1741 
40.0934 36.343 
38.7259 34.8088 
41.7495 29.6273 
42.2015 40.2368 
47.6407 44.1344 
50.5733 32.5726 
38.6645 39.7243 
42.316 38.8827 
39.8639 43.7077 
29.4397 40.8235 
43.2965 37.777 
41.3677 42.7702 
36.1355 46.2658 
37.6357 48.4841 
41.7666 25.285 
36.538 42.9609 
41.1357 28.0347 
46.7143 25.6992 
34.8248 22.6913 
42.6144 36.4784 
23.6601 38.0195 
39.6568 47.7798 
45.727 48.1564 
37.1089 49.8322 
42.9585 41.3309 
37.1594 42.8097 
31.6374 18.8767 
41.7977 26.2106 
42.4333 36.8003 
43.4916 41.6478 
43.0827 43.0464 
39.9936 19.5923 
42.475 42.4543 
43.6174 42.4525 
42.3495 43.764 
41.819 34.2674 
43.1265 33.246 
42.358 34.9535 
39.2259 39.4448 
43.2581 41.6209 
16.7858 46.6011 
45.771 46.4012 
44.5386 29.5023 
39.7844 18.218 
37.8207 41.1902 
40.8902 39.6168 
45.6513 44.4421 
42.7745 31.5519 
42.3867 39.8214 
43.5903 18.709 
41.9513 43.2064 
41.9229 44.7293 
44.0577 43.5906 
45.0474 42.369 