1.0, 0.0, 0.0, 0.0, 0.0, 0.0, 0.0, 0.0, 0.0, 0.0, 0.0, 0.0, 0.0, 0.0, 0.0, 0.0, 0.0, 0.0, 1.0, 0.0, 0.15826220759395979, 0.05796281110898692, 0.01696912671181931, 0.5454545454545454, 0.0, 0.11728891851476077
0.0, 0.0, 0.0, 1.0, 0.0, 0.0, 0.0, 0.0, 0.0, 1.0, 0.0, 0.0, 0.0, 0.0, 0.0, 0.0, 0.0, 0.0, 0.0, 0.0, 0.4368691008773645, 0.11785685189425534, 0.19147150094361964, 0.2872727272727273, 1.0, 0.16663516475056095
0.0, 0.0, 0.0, 1.0, 0.0, 0.0, 0.0, 0.0, 0.0, 0.0, 0.0, 0.0, 0.0, 0.0, 0.0, 0.0, 0.0, 0.0, 1.0, 0.0, 0.07042391897103571, 0.045806319033253065, 0.06571717297241822, 0.01090909090909091, 0.0, 0.07715142143112871
1.0, 0.0, 0.0, 0.0, 0.0, 0.0, 0.0, 0.0, 0.0, 0.0, 0.0, 1.0, 0.0, 0.0, 0.0, 0.0, 0.0, 0.0, 0.0, 0.0, 3.943633743141082E-4, 0.011191514788791941, 3.6800630329087195E-4, 0.08727272727272728, 0.0, 0.015497177865841313
1.0, 0.0, 0.0, 0.0, 0.0, 0.0, 0.0, 0.0, 0.0, 0.0, 0.0, 1.0, 0.0, 0.0, 0.0, 0.0, 0.0, 0.0, 0.0, 0.0, 0.08239598420700954, 0.1896028928145171, 0.024230011305686215, 0.15272727272727274, 0.0, 0.07266453426555324
1.0, 0.0, 0.0, 0.0, 0.0, 0.0, 0.0, 0.0, 0.0, 0.0, 0.0, 0.0, 0.0, 0.0, 0.0, 0.0, 0.0, 0.0, 1.0, 0.0, 0.15451542597575926, 0.018484387518623913, 0.017248993092108672, 0.05454545454545454, 0.0, 0.023978872837937034
0.0, 0.0, 0.0, 0.0, 1.0, 0.0, 0.0, 0.0, 0.0, 0.0, 0.0, 0.0, 0.0, 0.0, 1.0, 0.0, 0.0, 0.0, 0.0, 0.0, 0.20673635186174755, 0.06534491887237567, 0.05421158209066044, 0.2545454545454545, 0.0, 0.12506722445041182
0.0, 0.0, 0.0, 0.0, 0.0, 0.0, 0.0, 1.0, 0.0, 0.0, 0.0, 0.0, 0.0, 0.0, 0.0, 0.0, 0.0, 0.0, 1.0, 0.0, -0.002478573844967196, -0.002478573844967196, -0.002312919651086344, 0.01090909090909091, 0.0, 2.887949730845251E-5
0.0, 0.0, 0.0, 0.0, 0.0, 0.0, 0.0, 1.0, 0.0, 1.0, 0.0, 0.0, 0.0, 0.0, 0.0, 0.0, 0.0, 0.0, 0.0, 0.0, -0.0034336027582168196, -0.0034336027582168196, -0.003204119703606839, 0.16363636363636364, 0.0, 0.0215227887142589
0.0, 0.0, 0.0, 0.0, 0.0, 0.0, 0.0, 1.0, 0.0, 0.0, 0.0, 1.0, 0.0, 0.0, 0.0, 0.0, 0.0, 0.0, 0.0, 0.0, 0.16610994964049122, 0.15955995835493908, 0.07313717511412597, 0.11636363636363636, 0.0, 0.1628004680859518
1.0, 0.0, 0.0, 0.0, 0.0, 0.0, 0.0, 0.0, 0.0, 0.0, 0.0, 1.0, 0.0, 0.0, 0.0, 0.0, 0.0, 0.0, 0.0, 0.0, 0.34595789127954263, 0.21341596017483402, 0.17240044024370146, 0.11818181818181818, 0.0, 0.2713176227488177
1.0, 0.0, 0.0, 0.0, 0.0, 0.0, 0.0, 0.0, 0.0, 0.0, 0.0, 0.0, 0.0, 0.0, 1.0, 0.0, 0.0, 0.0, 0.0, 0.0, 0.12945454263941994, -0.010124655815382268, -0.009447979709554797, 0.21818181818181817, 0.0, 0.057378967707406574
0.0, 0.0, 0.0, 0.0, 1.0, 0.0, 0.0, 0.0, 0.0, 0.0, 0.0, 0.0, 0.0, 0.0, 0.0, 0.0, 0.0, 0.0, 0.0, 1.0, 0.15826220759395979, 0.2704435656999721, 0.25236861063770527, 0.36363636363636365, 0.0, 0.2612077273891357
1.0, 0.0, 0.0, 0.0, 0.0, 0.0, 0.0, 0.0, 0.0, 0.0, 0.0, 0.0, 0.0, 0.0, 1.0, 0.0, 0.0, 0.0, 0.0, 0.0, 0.05796281110898692, 0.01151300210757988, -0.010743536599359393, 0.05454545454545454, 0.0, 4.922349874574017E-5
0.0, 0.0, 0.0, 0.0, 1.0, 0.0, 0.0, 0.0, 0.0, 0.0, 0.0, 0.0, 0.0, 0.0, 1.0, 0.0, 0.0, 0.0, 0.0, 0.0, 0.04803253438865987, 0.04803253438865987, 0.044822304933376876, 0.06909090909090909, 0.0, 0.03447647384456849
0.0, 1.0, 0.0, 0.0, 0.0, 0.0, 0.0, 0.0, 0.0, 0.0, 0.0, 0.0, 0.0, 0.0, 1.0, 0.0, 0.0, 0.0, 0.0, 0.0, 0.0457316099551724, 0.01444480088419822, 0.04267516158774525, 0.14545454545454545, 0.0, 0.15245199919900468
1.0, 0.0, 0.0, 0.0, 0.0, 0.0, 0.0, 0.0, 0.0, 0.0, 0.0, 0.0, 0.0, 0.0, 0.0, 0.0, 0.0, 0.0, 1.0, 0.0, 0.053514086630755624, -6.847330379686203E-4, 0.027668203597121053, 0.08363636363636363, 0.0, 0.030391493016535643
1.0, 0.0, 0.0, 0.0, 0.0, 0.0, 0.0, 0.0, 0.0, 0.0, 0.0, 1.0, 0.0, 0.0, 0.0, 0.0, 0.0, 0.0, 0.0, 0.0, 0.11498192362879131, 0.017300636608891935, 0.027668758170410968, 0.2109090909090909, 0.0, 0.07167372042772968
1.0, 0.0, 0.0, 0.0, 0.0, 0.0, 0.0, 0.0, 0.0, 0.0, 0.0, 0.0, 0.0, 0.0, 0.0, 0.0, 0.0, 0.0, 1.0, 0.0, 0.16610994964049122, 0.00755186582629648, 0.01990998077936623, 0.01818181818181818, 0.0, 0.022661237751156305
0.0, 0.0, 0.0, 0.0, 1.0, 0.0, 0.0, 0.0, 0.0, 0.0, 0.0, 0.0, 0.0, 0.0, 1.0, 0.0, 0.0, 0.0, 0.0, 0.0, 0.18729893790475907, 0.13385331003217915, 0.12490729367011358, 0.6909090909090909, 0.0, 0.23238436059253523
0.0, 0.0, 0.0, 1.0, 0.0, 0.0, 0.0, 0.0, 0.0, 1.0, 0.0, 0.0, 0.0, 0.0, 0.0, 0.0, 0.0, 0.0, 0.0, 0.0, 0.6089089686229582, 0.4250786083809264, 0.5682128543841702, 0.9090909090909091, 1.0, 0.48614392925041705
0.0, 0.0, 0.0, 0.0, 1.0, 0.0, 0.0, 0.0, 0.0, 0.0, 0.0, 1.0, 0.0, 0.0, 0.0, 0.0, 0.0, 0.0, 0.0, 0.0, 0.0016554321566840946, 0.0016554321566840946, 0.001544792209443155, 0.005454545454545455, 0.0, 0.005602091415972615
0.0, 0.0, 0.0, 0.0, 0.0, 0.0, 0.0, 1.0, 0.0, 1.0, 0.0, 0.0, 0.0, 0.0, 0.0, 0.0, 0.0, 0.0, 0.0, 0.0, 0.18369283114464915, 0.18369283114464915, 0.17141581630938568, 0.6909090909090909, 0.0, 0.1633342638788691
1.0, 0.0, 0.0, 0.0, 0.0, 0.0, 0.0, 0.0, 0.0, 0.0, 0.0, 0.0, 0.0, 0.0, 1.0, 0.0, 0.0, 0.0, 0.0, 0.0, 0.04670087944712283, 0.04670087944712283, 0.043482517139473396, 0.007272727272727273, 0.0, 0.09335514422070391
0.0, 0.0, 1.0, 0.0, 0.0, 0.0, 0.0, 0.0, 0.0, 0.0, 0.0, 0.0, 1.0, 0.0, 0.0, 0.0, 0.0, 0.0, 0.0, 0.0, 0.048658665196937206, 0.048658665196937206, 0.04540658861471879, 0.03636363636363636, 0.0, 0.04632491815105237
1.0, 0.0, 0.0, 0.0, 0.0, 0.0, 0.0, 0.0, 0.0, 0.0, 0.0, 1.0, 0.0, 0.0, 0.0, 0.0, 0.0, 0.0, 0.0, 0.0, 0.1621382647085099, 0.34595789127954263, 0.07565220298961277, 0.33090909090909093, 0.0, 0.09343614479298805
1.0, 0.0, 0.0, 0.0, 0.0, 0.0, 0.0, 0.0, 0.0, 1.0, 0.0, 0.0, 0.0, 0.0, 0.0, 0.0, 0.0, 0.0, 0.0, 0.0, 0.04150411494915999, 0.027984325944516025, 0.04890702341995657, 0.05454545454545454, 0.0, 0.056251948533777255
0.0, 0.0, 0.0, 1.0, 0.0, 0.0, 0.0, 0.0, 0.0, 0.0, 0.0, 0.0, 0.0, 0.0, 0.0, 1.0, 0.0, 0.0, 0.0, 0.0, 0.12901871155271807, 0.13042940546297074, 0.17642458652917728, 0.01818181818181818, 1.0, 0.1341074761755338
0.0, 0.0, 0.0, 0.0, 1.0, 0.0, 0.0, 0.0, 0.0, 0.0, 0.0, 0.0, 0.0, 0.0, 1.0, 0.0, 0.0, 0.0, 0.0, 0.0, -0.01779290697479565, 0.06625306558628309, -0.01660372729080453, 0.10909090909090909, 0.0, 2.177818936195575E-4
0.0, 0.0, 0.0, 0.0, 0.0, 1.0, 0.0, 0.0, 0.0, 1.0, 0.0, 0.0, 0.0, 0.0, 0.0, 0.0, 0.0, 0.0, 0.0, 0.0, 0.34716070044393793, 0.04204160779253776, 0.0392317788005676, 0.2909090909090909, 0.0, 0.05788112440660595
1.0, 0.0, 0.0, 0.0, 0.0, 0.0, 0.0, 0.0, 0.0, 0.0, 0.0, 0.0, 0.0, 0.0, 0.0, 0.0, 0.0, 0.0, 1.0, 0.0, 0.04563132288437251, 0.02264913382043693, 0.008800768635787565, 0.12727272727272726, 0.0, 0.028264429796859676
0.0, 0.0, 0.0, 1.0, 0.0, 0.0, 0.0, 0.0, 0.0, 0.0, 0.0, 0.0, 0.0, 0.0, 1.0, 0.0, 0.0, 0.0, 0.0, 0.0, -8.673420906733312E-4, -8.673420906733312E-4, -8.093737331272502E-4, 0.004, 0.0, 9.063509346954393E-5
0.0, 0.0, 0.0, 1.0, 0.0, 0.0, 0.0, 0.0, 0.0, 1.0, 0.0, 0.0, 0.0, 0.0, 0.0, 0.0, 0.0, 0.0, 0.0, 0.0, 0.6522797930953381, 0.34716070044393793, 0.6086850123590768, 0.34545454545454546, 1.0, 0.258827429484061
1.0, 0.0, 0.0, 0.0, 0.0, 0.0, 0.0, 0.0, 0.0, 0.0, 0.0, 0.0, 0.0, 0.0, 1.0, 0.0, 0.0, 0.0, 0.0, 0.0, -0.005934801277919095, -0.005934801277919095, 0.006545647155915054, 0.02618181818181818, 0.0, 9.590239289530225E-5
0.0, 0.0, 0.0, 1.0, 0.0, 0.0, 0.0, 0.0, 0.0, 0.0, 0.0, 0.0, 0.0, 0.0, 0.0, 1.0, 0.0, 0.0, 0.0, 0.0, 0.012852429813473462, 0.03957999746655176, 0.036934688920493675, 0.24545454545454545, 0.0, 0.06019632632033087
0.0, 1.0, 0.0, 0.0, 0.0, 0.0, 0.0, 0.0, 0.0, 0.0, 0.0, 0.0, 0.0, 0.0, 1.0, 0.0, 0.0, 0.0, 0.0, 0.0, 0.0378071746665343, 0.0378071746665343, 0.03527887579217139, 0.08, 0.0, 0.09574078643719718
0.0, 0.0, 0.0, 0.0, 0.0, 1.0, 0.0, 0.0, 0.0, 1.0, 0.0, 0.0, 0.0, 0.0, 0.0, 0.0, 0.0, 0.0, 0.0, 0.0, 0.04461863720680673, 0.04461863720680673, 0.023691271664918453, 0.09818181818181818, 1.0, 0.06182839816497299
1.0, 0.0, 0.0, 0.0, 0.0, 0.0, 0.0, 0.0, 0.0, 0.0, 0.0, 0.0, 0.0, 0.0, 0.0, 0.0, 0.0, 0.0, 1.0, 0.0, 0.29500587675926243, 0.07208751703943674, 0.11104669916864818, 0.32727272727272727, 0.0, 0.16447803155652083
0.0, 0.0, 0.0, 1.0, 0.0, 0.0, 0.0, 0.0, 0.0, 1.0, 0.0, 0.0, 0.0, 0.0, 0.0, 0.0, 0.0, 0.0, 0.0, 0.0, 0.09214406137127044, 0.054007006562541246, 0.0859856609514647, 0.32727272727272727, 1.0, 0.1099980808450947
0.0, 0.0, 0.0, 0.0, 0.0, 0.0, 0.0, 1.0, 0.0, 0.0, 0.0, 0.0, 0.0, 0.0, 0.0, 0.0, 0.0, 0.0, 1.0, 0.0, 0.11226282480539315, 0.06968653743390951, 0.05555546441938553, 0.12727272727272726, 0.0, 0.06025214878421159
0.0, 0.0, 0.0, 1.0, 0.0, 0.0, 0.0, 0.0, 0.0, 1.0, 0.0, 0.0, 0.0, 0.0, 0.0, 0.0, 0.0, 0.0, 0.0, 0.0, -0.006311617646049064, -0.006311617646049064, -0.005889783963198169, 0.04727272727272727, 0.0, 0.0016432032864380193
1.0, 0.0, 0.0, 0.0, 0.0, 0.0, 0.0, 0.0, 0.0, 0.0, 0.0, 0.0, 0.0, 0.0, 0.0, 0.0, 0.0, 1.0, 0.0, 0.0, 0.00859304970042009, 0.16455706134513237, 0.017769196799334627, 0.025454545454545455, 0.0, 0.05983734614670422
1.0, 0.0, 0.0, 0.0, 0.0, 0.0, 0.0, 0.0, 0.0, 0.0, 0.0, 0.0, 0.0, 0.0, 0.0, 0.0, 1.0, 0.0, 0.0, 0.0, -0.016524978477488537, 0.019142966698575854, -0.015420540135195365, 0.2545454545454545, 0.0, 0.061799898914379106
1.0, 0.0, 0.0, 0.0, 0.0, 0.0, 0.0, 0.0, 0.0, 0.0, 0.0, 0.0, 0.0, 0.0, 0.0, 1.0, 0.0, 0.0, 0.0, 0.0, -0.008386866351713406, -0.008386866351713406, -0.007826334500907119, 0.06181818181818182, 0.0, 0.007920713945712067
1.0, 0.0, 0.0, 0.0, 0.0, 0.0, 0.0, 0.0, 0.0, 0.0, 0.0, 1.0, 0.0, 0.0, 0.0, 0.0, 0.0, 0.0, 0.0, 0.0, 0.07910210751679475, 0.07910210751679475, 0.0738153593000417, 0.09090909090909091, 0.0, 0.12396892593685574
0.0, 0.0, 0.0, 0.0, 0.0, 0.0, 0.0, 1.0, 0.0, 0.0, 0.0, 0.0, 0.0, 0.0, 0.0, 0.0, 0.0, 0.0, 1.0, 0.0, 0.07208751703943674, 0.05926988893784058, 0.027668203597121053, 0.10909090909090909, 0.0, 0.05161850273261093
1.0, 0.0, 0.0, 0.0, 0.0, 0.0, 0.0, 0.0, 0.0, 0.0, 0.0, 1.0, 0.0, 0.0, 0.0, 0.0, 0.0, 0.0, 0.0, 0.0, 0.030863614197583173, 0.05299881714426935, 0.02264502377931541, 0.04727272727272727, 0.0, 0.041205234671369696
1.0, 0.0, 0.0, 0.0, 0.0, 0.0, 0.0, 0.0, 0.0, 0.0, 0.0, 0.0, 0.0, 0.0, 0.0, 0.0, 0.0, 0.0, 1.0, 0.0, 0.1584744976100169, -0.006295856010964519, -0.005875075748797247, 0.07272727272727272, 0.0, 0.006038354728813202
1.0, 0.0, 0.0, 0.0, 0.0, 0.0, 0.0, 0.0, 0.0, 0.0, 0.0, 0.0, 0.0, 0.0, 0.0, 0.0, 0.0, 0.0, 1.0, 0.0, 0.05661817205612809, 0.02155386849567729, 0.02622635492719873, 0.2545454545454545, 0.0, 0.04045231890145755
0.0, 0.0, 0.0, 0.0, 0.0, 0.0, 0.0, 1.0, 0.0, 1.0, 0.0, 0.0, 0.0, 0.0, 0.0, 0.0, 0.0, 0.0, 0.0, 0.0, 0.13813526827397993, 0.06534491887237567, 0.1289030694597686, 0.43636363636363634, 0.0, 0.14929114463626061
0.0, 0.0, 0.0, 0.0, 0.0, 0.0, 0.0, 1.0, 0.0, 1.0, 0.0, 0.0, 0.0, 0.0, 0.0, 0.0, 0.0, 0.0, 0.0, 0.0, 0.2905464644328946, 0.15451542597575926, 0.27112794258885425, 0.6909090909090909, 0.0, 0.32466926273131824
0.0, 0.0, 0.0, 0.0, 0.0, 1.0, 0.0, 0.0, 0.0, 1.0, 0.0, 0.0, 0.0, 0.0, 0.0, 0.0, 0.0, 0.0, 0.0, 0.0, 0.24634972645866415, 0.09184900967996043, 0.03703404906337198, 0.4909090909090909, 0.0, 0.19775649881865928
1.0, 0.0, 0.0, 0.0, 0.0, 0.0, 0.0, 0.0, 0.0, 0.0, 0.0, 1.0, 0.0, 0.0, 0.0, 0.0, 0.0, 0.0, 0.0, 0.0, 0.05454558561472445, 0.10367233305635062, 0.09674344659405351, 0.03636363636363636, 0.0, 0.07441867653648516
0.0, 0.0, 0.0, 0.0, 0.0, 1.0, 0.0, 0.0, 0.0, 1.0, 0.0, 0.0, 0.0, 0.0, 0.0, 0.0, 0.0, 0.0, 0.0, 0.0, 0.2993533576217113, 0.11498192362879131, 0.2793462316516528, 0.7272727272727273, 1.0, 0.3071669460701877
0.0, 0.0, 0.0, 0.0, 0.0, 1.0, 0.0, 0.0, 0.0, 1.0, 0.0, 0.0, 0.0, 0.0, 0.0, 0.0, 0.0, 0.0, 0.0, 0.0, 0.5003039299228744, 0.16213826466695097, 0.46686637696269917, 0.5272727272727272, 1.0, 0.3471820678883917
1.0, 0.0, 0.0, 0.0, 0.0, 0.0, 0.0, 0.0, 0.0, 0.0, 0.0, 0.0, 0.0, 0.0, 1.0, 0.0, 0.0, 0.0, 0.0, 0.0, 0.027984325944516025, 0.08383175529177739, 0.06307929160067564, 0.023636363636363636, 0.0, 0.006421344995618796
0.0, 1.0, 0.0, 0.0, 0.0, 0.0, 0.0, 0.0, 0.0, 0.0, 0.0, 0.0, 0.0, 0.0, 1.0, 0.0, 0.0, 0.0, 0.0, 0.0, -0.0036841828087050693, -0.006707275996235224, -0.0062589986933221705, 0.03636363636363636, 0.0, 0.003097167249096335
1.0, 0.0, 0.0, 0.0, 0.0, 0.0, 0.0, 0.0, 0.0, 0.0, 0.0, 1.0, 0.0, 0.0, 0.0, 0.0, 0.0, 0.0, 0.0, 0.0, 0.10649583178726887, 0.06560922153615126, 0.0823256114214926, 0.09090909090909091, 0.0, 0.21531681192805127
0.0, 0.0, 0.0, 1.0, 0.0, 0.0, 0.0, 0.0, 0.0, 0.0, 0.0, 0.0, 0.0, 0.0, 0.0, 1.0, 0.0, 0.0, 0.0, 0.0, 0.09798565680235752, 0.09798565680235752, 0.09143683638999045, 0.14545454545454545, 0.0, 0.06832831785510202
0.0, 0.0, 0.0, 0.0, 0.0, 0.0, 0.0, 0.0, 1.0, 1.0, 0.0, 0.0, 0.0, 0.0, 0.0, 0.0, 0.0, 0.0, 0.0, 0.0, 0.37319145263493714, 0.3701652997385938, 0.3482493959861135, 0.8, 1.0, 0.4204063237133626
0.0, 0.0, 0.0, 0.0, 0.0, 1.0, 0.0, 0.0, 0.0, 1.0, 0.0, 0.0, 0.0, 0.0, 0.0, 0.0, 0.0, 0.0, 0.0, 0.0, 0.19039816741996488, 0.17895513531903987, 0.3083270885084474, 0.32727272727272727, 1.0, 0.23042599374755354
0.0, 0.0, 0.0, 0.0, 0.0, 1.0, 0.0, 0.0, 0.0, 0.0, 0.0, 1.0, 0.0, 0.0, 0.0, 0.0, 0.0, 0.0, 0.0, 0.0, 0.12945454263941994, 0.05841526609519548, 0.0497560289770113, 0.16363636363636364, 1.0, 0.142192893103229
0.0, 0.0, 0.0, 0.0, 0.0, 0.0, 0.0, 1.0, 0.0, 1.0, 0.0, 0.0, 0.0, 0.0, 0.0, 0.0, 0.0, 0.0, 0.0, 0.0, 0.32404334598761647, 0.16610994964049122, 0.30238607748580065, 0.3381818181818182, 1.0, 0.2835969603860593
0.0, 0.0, 0.0, 0.0, 0.0, 0.0, 0.0, 1.0, 0.0, 0.0, 0.0, 0.0, 0.0, 0.0, 0.0, 0.0, 0.0, 0.0, 1.0, 0.0, 0.4530935506137941, 0.0644592060777716, 0.027668203597121053, 0.21818181818181817, 0.0, 0.1213871004818966
1.0, 0.0, 0.0, 0.0, 0.0, 0.0, 0.0, 0.0, 0.0, 0.0, 0.0, 0.0, 0.0, 0.0, 1.0, 0.0, 0.0, 0.0, 0.0, 0.0, -0.002296392017935293, -0.002296392017935293, -0.002142913851715667, 0.012545454545454545, 0.0, 0.0011025309643282744
1.0, 0.0, 0.0, 0.0, 0.0, 0.0, 0.0, 0.0, 0.0, 1.0, 0.0, 0.0, 0.0, 0.0, 0.0, 0.0, 0.0, 0.0, 0.0, 0.0, 0.07908056919216544, 0.04844449817236722, 0.07420358193272417, 0.76, 0.0, 0.10466475326199016
1.0, 0.0, 0.0, 0.0, 0.0, 0.0, 0.0, 0.0, 0.0, 0.0, 0.0, 0.0, 0.0, 0.0, 1.0, 0.0, 0.0, 0.0, 0.0, 0.0, 0.017476182307963335, 0.020184810943899942, 0.018835769602106315, 0.05090909090909091, 0.0, 0.05619595760616223
1.0, 0.0, 0.0, 0.0, 0.0, 0.0, 0.0, 0.0, 0.0, 0.0, 0.0, 0.0, 0.0, 0.0, 0.0, 0.0, 0.0, 1.0, 0.0, 0.0, 0.004161973490831524, 0.004161973490831524, 0.0038838101571156, 0.04727272727272727, 0.0, 0.028891236824108397
0.0, 0.0, 0.0, 0.0, 1.0, 0.0, 0.0, 0.0, 0.0, 0.0, 0.0, 0.0, 0.0, 0.0, 1.0, 0.0, 0.0, 0.0, 0.0, 0.0, 0.012185343107502017, 0.012185343107502017, 0.017769196799334627, 0.03636363636363636, 0.0, 0.03914370223991964
1.0, 0.0, 0.0, 0.0, 0.0, 0.0, 0.0, 0.0, 0.0, 0.0, 0.0, 0.0, 0.0, 0.0, 0.0, 0.0, 1.0, 0.0, 0.0, 0.0, 0.003040378929422983, 0.003040378929422983, 0.002837176784904042, 0.1, 0.0, 0.04962799300712494
0.0, 0.0, 0.0, 0.0, 1.0, 0.0, 0.0, 0.0, 0.0, 0.0, 0.0, 0.0, 0.0, 0.0, 0.0, 0.0, 0.0, 0.0, 1.0, 0.0, 0.05024706780662146, 0.04167246625101914, 0.04688883116207536, 0.07636363636363637, 0.0, 0.03874568500801455
0.0, 0.0, 0.0, 0.0, 0.0, 1.0, 0.0, 0.0, 0.0, 0.0, 0.0, 1.0, 0.0, 0.0, 0.0, 0.0, 0.0, 0.0, 0.0, 0.0, 0.11963543139397821, 0.11003986032982042, 0.21269399226729532, 0.3090909090909091, 0.0, 0.23795590391802154
1.0, 0.0, 0.0, 0.0, 0.0, 0.0, 0.0, 0.0, 0.0, 0.0, 0.0, 0.0, 0.0, 0.0, 1.0, 0.0, 0.0, 0.0, 0.0, 0.0, -0.0027234581044996474, -0.0027234581044996474, -0.0025414371984914456, 0.07272727272727272, 0.0, 0.014260623572170578
1.0, 0.0, 0.0, 0.0, 0.0, 0.0, 0.0, 0.0, 0.0, 0.0, 0.0, 1.0, 0.0, 0.0, 0.0, 0.0, 0.0, 0.0, 0.0, 0.0, 0.10461657410577267, 0.22536583045528064, 0.20088744338081088, 0.37454545454545457, 1.0, 0.18001564874067655
1.0, 0.0, 0.0, 0.0, 0.0, 0.0, 0.0, 0.0, 0.0, 0.0, 0.0, 0.0, 0.0, 0.0, 1.0, 0.0, 0.0, 0.0, 0.0, 0.0, 0.07215918830194201, 0.07215918830194201, 0.13930530459272072, 0.2545454545454545, 0.0, 0.12816618062392476
1.0, 0.0, 0.0, 0.0, 0.0, 0.0, 0.0, 0.0, 0.0, 1.0, 0.0, 0.0, 0.0, 0.0, 0.0, 0.0, 0.0, 0.0, 0.0, 0.0, 0.11785685106307699, 0.10965488037727292, 0.3816353750782025, 0.09454545454545454, 0.0, 0.08002074067737698
0.0, 0.0, 0.0, 0.0, 0.0, 1.0, 0.0, 0.0, 0.0, 1.0, 0.0, 0.0, 0.0, 0.0, 0.0, 0.0, 0.0, 0.0, 0.0, 0.0, 0.12370271978986508, 0.031767120442752685, 0.11543511284756307, 0.4909090909090909, 0.0, 0.13321170315893585
1.0, 0.0, 0.0, 0.0, 0.0, 0.0, 0.0, 0.0, 0.0, 0.0, 0.0, 0.0, 0.0, 0.0, 0.0, 0.0, 0.0, 0.0, 1.0, 0.0, 0.08657558823744956, 0.06968653743390951, 0.02529835059890235, 0.10909090909090909, 0.0, 0.030991945898073886
1.0, 0.0, 0.0, 0.0, 0.0, 0.0, 0.0, 0.0, 0.0, 0.0, 0.0, 1.0, 0.0, 0.0, 0.0, 0.0, 0.0, 0.0, 0.0, 0.0, 0.10043192690068332, 0.12901871152778271, 0.0023741491960548415, 0.04363636363636364, 0.0, 0.02617055393284067
0.0, 0.0, 0.0, 1.0, 0.0, 0.0, 0.0, 0.0, 0.0, 1.0, 0.0, 0.0, 0.0, 0.0, 0.0, 0.0, 0.0, 0.0, 0.0, 0.0, 0.05454558561472445, 0.03619018243067352, 0.005056672942008596, 0.23636363636363636, 0.0, 0.03060471034516395
0.0, 0.0, 0.0, 0.0, 0.0, 0.0, 0.0, 0.0, 1.0, 1.0, 0.0, 0.0, 0.0, 0.0, 0.0, 0.0, 0.0, 0.0, 0.0, 0.0, 0.1584744976100169, 0.12945454263941994, 0.17752469123750086, 0.8181818181818182, 1.0, 0.4669582363176759
0.0, 1.0, 0.0, 0.0, 0.0, 0.0, 0.0, 0.0, 0.0, 0.0, 0.0, 0.0, 0.0, 0.0, 1.0, 0.0, 0.0, 0.0, 0.0, 0.0, 0.08444115755519357, 0.08444115755519357, 0.07879757670583756, 0.05090909090909091, 0.0, 0.0480674139624864
0.0, 0.0, 0.0, 1.0, 0.0, 0.0, 0.0, 0.0, 0.0, 1.0, 0.0, 0.0, 0.0, 0.0, 0.0, 0.0, 0.0, 0.0, 0.0, 0.0, 0.03700040843854852, 0.0019845239262123444, 0.0018518893017078165, 0.7090909090909091, 0.0, 0.1045880669657206
1.0, 0.0, 0.0, 0.0, 0.0, 0.0, 0.0, 0.0, 0.0, 1.0, 0.0, 0.0, 0.0, 0.0, 0.0, 0.0, 0.0, 0.0, 0.0, 0.0, 0.09544168443167016, 0.07821819630126814, 0.10329110184821694, 0.18181818181818182, 0.0, 0.14564240947248666
1.0, 0.0, 0.0, 0.0, 0.0, 0.0, 0.0, 0.0, 0.0, 0.0, 0.0, 1.0, 0.0, 0.0, 0.0, 0.0, 0.0, 0.0, 0.0, 0.0, 0.06678627771984894, 0.06678627771984894, 0.062322651582403486, 0.020727272727272726, 0.0, 5.768679587363389E-5
0.0, 0.0, 0.0, 0.0, 0.0, 1.0, 0.0, 0.0, 0.0, 1.0, 0.0, 0.0, 0.0, 0.0, 0.0, 0.0, 0.0, 0.0, 0.0, 0.0, 0.0733174128933129, 0.05205225253576494, 0.048573367308680344, 0.3090909090909091, 0.0, 0.07454515269053101
1.0, 0.0, 0.0, 0.0, 0.0, 0.0, 0.0, 0.0, 0.0, 0.0, 0.0, 1.0, 0.0, 0.0, 0.0, 0.0, 0.0, 0.0, 0.0, 0.0, 0.13675016191499748, 0.330050239519876, 0.17240044024370146, 0.15636363636363637, 0.0, 0.25603533401361556
0.0, 0.0, 0.0, 0.0, 0.0, 1.0, 0.0, 0.0, 0.0, 1.0, 0.0, 0.0, 0.0, 0.0, 0.0, 0.0, 0.0, 0.0, 0.0, 0.0, 0.10165169941782415, 0.05594879212908412, 0.09485786095387426, 0.5272727272727272, 0.0, 0.1742728307431529
0.0, 0.0, 0.0, 0.0, 0.0, 0.0, 0.0, 1.0, 0.0, 1.0, 0.0, 0.0, 0.0, 0.0, 0.0, 0.0, 0.0, 0.0, 0.0, 0.0, 0.10187617326175062, 0.04167246541984079, 0.09506733220518544, 0.43636363636363634, 0.0, 0.09356556665575937
0.0, 0.0, 0.0, 0.0, 0.0, 0.0, 0.0, 1.0, 0.0, 1.0, 0.0, 0.0, 0.0, 0.0, 0.0, 0.0, 0.0, 0.0, 0.0, 0.0, 0.26613953884175356, 0.2178494987502897, 0.31786834356723104, 0.7818181818181819, 1.0, 0.28722401506943723
0.0, 0.0, 0.0, 0.0, 0.0, 0.0, 0.0, 1.0, 0.0, 1.0, 0.0, 0.0, 0.0, 0.0, 0.0, 0.0, 0.0, 0.0, 0.0, 0.0, 0.031767120442752685, -0.04237351642550014, -0.03954150449266376, 0.4727272727272727, 0.0, 0.053938646249208626
1.0, 0.0, 0.0, 0.0, 0.0, 0.0, 0.0, 0.0, 0.0, 0.0, 0.0, 0.0, 0.0, 0.0, 0.0, 1.0, 0.0, 0.0, 0.0, 0.0, 0.015869951753812048, 0.054007006562541246, 0.014809291781931914, 0.07272727272727272, 1.0, 0.055098783788584675
0.0, 0.0, 0.0, 0.0, 1.0, 0.0, 0.0, 0.0, 0.0, 0.0, 0.0, 0.0, 0.0, 0.0, 1.0, 0.0, 0.0, 0.0, 0.0, 0.0, 0.05926988893784058, 0.006875121243466686, 0.016858671225007806, 0.1781818181818182, 0.0, 0.020562790904479978
1.0, 0.0, 0.0, 0.0, 0.0, 0.0, 0.0, 0.0, 0.0, 0.0, 0.0, 1.0, 0.0, 0.0, 0.0, 0.0, 0.0, 0.0, 0.0, 0.0, 0.06861293677288866, 0.031767120442752685, 0.01848184674568486, 0.1890909090909091, 0.0, 0.05949413096977495
1.0, 0.0, 0.0, 0.0, 0.0, 0.0, 0.0, 0.0, 0.0, 0.0, 0.0, 1.0, 0.0, 0.0, 0.0, 0.0, 0.0, 0.0, 0.0, 0.0, 0.045403279545014365, 0.045403279545014365, 0.03803927132336646, 0.06181818181818182, 1.0, 0.11315178773225491
0.0, 1.0, 0.0, 0.0, 0.0, 0.0, 0.0, 0.0, 0.0, 0.0, 0.0, 0.0, 0.0, 0.0, 1.0, 0.0, 0.0, 0.0, 0.0, 0.0, 0.10686162215897349, 0.015534210973058842, 0.32551845691382864, 0.09454545454545454, 0.0, 0.005221047306402307
0.0, 0.0, 0.0, 0.0, 0.0, 0.0, 0.0, 1.0, 0.0, 0.0, 0.0, 0.0, 0.0, 0.0, 0.0, 0.0, 0.0, 0.0, 1.0, 0.0, 0.24232227669053097, 0.1392539445681954, 0.12994697960565724, 0.43636363636363634, 0.0, 0.14296511963034142
1.0, 0.0, 0.0, 0.0, 0.0, 0.0, 0.0, 0.0, 0.0, 0.0, 0.0, 0.0, 0.0, 0.0, 0.0, 0.0, 0.0, 0.0, 1.0, 0.0, 0.1178568527254337, 0.027529419954648433, 0.025689505489378556, 0.05454545454545454, 0.0, 0.06887834232109015
0.0, 0.0, 0.0, 0.0, 0.0, 0.0, 0.0, 0.0, 1.0, 1.0, 0.0, 0.0, 0.0, 0.0, 0.0, 0.0, 0.0, 0.0, 0.0, 0.0, 0.3169643105123434, 0.22716415519519814, 0.14376402342788425, 0.5454545454545454, 1.0, 0.2904485232530821
0.0, 0.0, 0.0, 0.0, 0.0, 1.0, 0.0, 0.0, 0.0, 1.0, 0.0, 0.0, 0.0, 0.0, 0.0, 0.0, 0.0, 0.0, 0.0, 0.0, 0.2563459405327015, 0.2563459405327015, 0.23921319291664836, 0.6, 0.0, 0.3038968275337936
1.0, 0.0, 0.0, 0.0, 0.0, 0.0, 0.0, 0.0, 0.0, 0.0, 0.0, 0.0, 0.0, 0.0, 1.0, 0.0, 0.0, 0.0, 0.0, 0.0, 0.10461657410577267, 0.4262548941703452, 0.16105040290381648, 0.07636363636363637, 0.0, 0.21193212361258504
0.0, 0.0, 0.0, 1.0, 0.0, 0.0, 0.0, 0.0, 0.0, 1.0, 0.0, 0.0, 0.0, 0.0, 0.0, 0.0, 0.0, 0.0, 0.0, 0.0, 0.1584744976100169, 0.11350773963649656, 0.08538661243495241, 0.2727272727272727, 0.0, 0.13397522412202625
0.0, 0.0, 0.0, 1.0, 0.0, 0.0, 0.0, 0.0, 0.0, 0.0, 0.0, 0.0, 0.0, 0.0, 1.0, 0.0, 0.0, 0.0, 0.0, 0.0, 0.40560424862931976, 0.40560424862931976, 0.37849589961733876, 0.43636363636363634, 0.0, 0.20053124252447194
1.0, 0.0, 0.0, 0.0, 0.0, 0.0, 0.0, 0.0, 0.0, 0.0, 0.0, 0.0, 0.0, 0.0, 1.0, 0.0, 0.0, 0.0, 0.0, 0.0, 0.02758338836502862, 0.02758338836502862, 0.025739866949118676, 0.007272727272727273, 0.0, 0.05538802158062793
1.0, 0.0, 0.0, 0.0, 0.0, 0.0, 0.0, 0.0, 0.0, 1.0, 0.0, 0.0, 0.0, 0.0, 0.0, 0.0, 0.0, 0.0, 0.0, 0.0, 0.04563132288437251, 0.007061037139243899, 0.006589116394320649, 0.12, 0.0, 0.02750303629007098
1.0, 0.0, 0.0, 0.0, 0.0, 0.0, 0.0, 0.0, 0.0, 0.0, 0.0, 0.0, 0.0, 0.0, 0.0, 0.0, 0.0, 1.0, 0.0, 0.0, 0.06994791725901112, 0.06994791725901112, 0.0823256114214926, 0.04363636363636364, 1.0, 0.14687984779965835
1.0, 0.0, 0.0, 0.0, 0.0, 0.0, 0.0, 0.0, 0.0, 0.0, 0.0, 0.0, 0.0, 0.0, 0.0, 0.0, 0.0, 0.0, 1.0, 0.0, 0.0733174128933129, 0.005480833272821471, 0.005114524631483974, 0.05818181818181818, 0.0, 0.003726406571785036
1.0, 0.0, 0.0, 0.0, 0.0, 0.0, 0.0, 0.0, 0.0, 0.0, 0.0, 1.0, 0.0, 0.0, 0.0, 0.0, 0.0, 0.0, 0.0, 0.0, 0.21418519870023753, 0.01758893331373714, 0.016413386103300995, 0.01818181818181818, 0.0, 0.034499270998860486
0.0, 0.0, 0.0, 0.0, 0.0, 1.0, 0.0, 0.0, 0.0, 1.0, 0.0, 0.0, 0.0, 0.0, 0.0, 0.0, 0.0, 0.0, 0.0, 0.0, 0.4250786083809264, 0.05741788781374501, 0.05358039314339639, 0.2, 0.0, 0.049818939430078875
0.0, 0.0, 0.0, 0.0, 0.0, 0.0, 0.0, 1.0, 0.0, 1.0, 0.0, 0.0, 0.0, 0.0, 0.0, 0.0, 0.0, 0.0, 0.0, 0.0, 0.06577468406933706, 0.04457102814199591, 0.05709855257635604, 0.45454545454545453, 0.0, 0.09446478595903612
1.0, 0.0, 0.0, 0.0, 0.0, 0.0, 0.0, 0.0, 0.0, 0.0, 0.0, 0.0, 0.0, 0.0, 0.0, 0.0, 0.0, 1.0, 0.0, 0.0, 0.010863092949015215, 0.16455706134513237, 0.010137063781405043, 0.03090909090909091, 0.0, 0.03460647650611901
1.0, 0.0, 0.0, 0.0, 0.0, 0.0, 0.0, 0.0, 0.0, 1.0, 0.0, 0.0, 0.0, 0.0, 0.0, 0.0, 0.0, 0.0, 0.0, 0.0, 0.11785685023189864, 0.11332021416384115, 0.17988578236555242, 0.509090909090909, 1.0, 0.19657802119407586
1.0, 0.0, 0.0, 0.0, 0.0, 0.0, 0.0, 0.0, 0.0, 1.0, 0.0, 0.0, 0.0, 0.0, 0.0, 0.0, 0.0, 0.0, 0.0, 0.0, 0.03200029547725462, 0.028180771207653412, 0.14376402342788425, 0.21818181818181817, 1.0, 0.08114723520680521
0.0, 0.0, 1.0, 0.0, 0.0, 0.0, 0.0, 0.0, 0.0, 0.0, 0.0, 0.0, 0.0, 1.0, 0.0, 0.0, 0.0, 0.0, 0.0, 0.0, 7.551695850323544E-4, 7.551695850323544E-4, 7.046982185625256E-4, 0.005454545454545455, 0.0, 0.003864322215598068
0.0, 0.0, 0.0, 0.0, 0.0, 0.0, 0.0, 1.0, 0.0, 0.0, 0.0, 1.0, 0.0, 0.0, 0.0, 0.0, 0.0, 0.0, 0.0, 0.0, 0.022531834606722256, 0.022531834606722256, 0.021025931159055298, 0.07272727272727272, 1.0, 0.041722612470067144
0.0, 0.0, 0.0, 1.0, 0.0, 0.0, 0.0, 0.0, 0.0, 1.0, 0.0, 0.0, 0.0, 0.0, 0.0, 0.0, 0.0, 0.0, 0.0, 0.0, 1.0, 1.0, 0.9331655200763066, 0.45454545454545453, 1.0, 0.6113006929778172
1.0, 0.0, 0.0, 0.0, 0.0, 0.0, 0.0, 0.0, 0.0, 1.0, 0.0, 0.0, 0.0, 0.0, 0.0, 0.0, 0.0, 0.0, 0.0, 0.0, 0.10965488037727292, 0.06577468406933706, 0.05619412420571037, 0.09090909090909091, 0.0, 0.10673862205204047
0.0, 0.0, 0.0, 1.0, 0.0, 0.0, 0.0, 0.0, 0.0, 1.0, 0.0, 0.0, 0.0, 0.0, 0.0, 0.0, 0.0, 0.0, 0.0, 0.0, -0.007248330713139165, -0.007248330713139165, -0.00802892943123684, 0.2545454545454545, 0.0, 0.03024090569107027
1.0, 0.0, 0.0, 0.0, 0.0, 0.0, 0.0, 0.0, 0.0, 0.0, 0.0, 1.0, 0.0, 0.0, 0.0, 0.0, 0.0, 0.0, 0.0, 0.0, 0.04457102814199591, 0.00830539840556503, 0.007750311422570019, 0.04909090909090909, 0.0, 0.024104832369864368
1.0, 0.0, 0.0, 0.0, 0.0, 0.0, 0.0, 0.0, 0.0, 0.0, 0.0, 1.0, 0.0, 0.0, 0.0, 0.0, 0.0, 0.0, 0.0, 0.0, -0.004823144284884272, -0.0010522958975083749, -0.004500791945007098, 0.15272727272727274, 0.0, 0.04237990341114145
0.0, 0.0, 0.0, 0.0, 0.0, 0.0, 0.0, 1.0, 0.0, 0.0, 0.0, 0.0, 0.0, 0.0, 0.0, 0.0, 0.0, 0.0, 1.0, 0.0, 0.42625489414540985, 0.41575469698948925, 0.46887480175003504, 0.2909090909090909, 1.0, 0.6546190934129914
0.0, 0.0, 0.0, 1.0, 0.0, 0.0, 0.0, 0.0, 0.0, 0.0, 0.0, 1.0, 0.0, 0.0, 0.0, 0.0, 0.0, 0.0, 0.0, 0.0, 0.035034822495491995, 0.035034822495491995, 0.032693288354786874, 0.14181818181818182, 0.0, 0.056616309920402376
0.0, 0.0, 0.0, 0.0, 1.0, 0.0, 0.0, 0.0, 0.0, 0.0, 0.0, 0.0, 0.0, 0.0, 1.0, 0.0, 0.0, 0.0, 0.0, 0.0, 0.11332021416384115, 0.039906922354116955, 0.037239763953224335, 0.05818181818181818, 0.0, 0.07302095218600202
1.0, 0.0, 0.0, 0.0, 0.0, 0.0, 0.0, 0.0, 0.0, 1.0, 0.0, 0.0, 0.0, 0.0, 0.0, 0.0, 0.0, 0.0, 0.0, 0.0, 0.7552868485053998, 0.2950058759280841, 0.7048076447923362, 0.7272727272727273, 1.0, 0.4883206555789645
1.0, 0.0, 0.0, 0.0, 0.0, 0.0, 0.0, 0.0, 0.0, 0.0, 0.0, 1.0, 0.0, 0.0, 0.0, 0.0, 0.0, 0.0, 0.0, 0.0, 0.019783411229248957, 0.019783411229248957, 0.018461197228625548, 0.10909090909090909, 0.0, 0.07113697892608692
1.0, 0.0, 0.0, 0.0, 0.0, 0.0, 0.0, 0.0, 0.0, 0.0, 0.0, 0.0, 0.0, 0.0, 1.0, 0.0, 0.0, 0.0, 0.0, 0.0, 0.13080314896473424, 0.24232227669053097, 0.12206098853129484, 0.21818181818181817, 0.0, 0.1284668113776562
1.0, 0.0, 0.0, 0.0, 0.0, 0.0, 0.0, 0.0, 0.0, 0.0, 0.0, 0.0, 0.0, 0.0, 1.0, 0.0, 0.0, 0.0, 0.0, 0.0, 0.17895513531903987, 0.027500410998993436, 0.025662435332187893, 0.05454545454545454, 0.0, 0.02221117485185183
0.0, 0.0, 0.0, 1.0, 0.0, 0.0, 0.0, 0.0, 0.0, 0.0, 0.0, 0.0, 0.0, 0.0, 0.0, 0.0, 0.0, 0.0, 1.0, 0.0, 0.004937757130166035, 0.004937757130166035, 0.00460774470038188, 0.18181818181818182, 0.0, 0.03120933150081371
0.0, 1.0, 0.0, 0.0, 0.0, 0.0, 0.0, 0.0, 0.0, 0.0, 1.0, 0.0, 0.0, 0.0, 0.0, 0.0, 0.0, 0.0, 0.0, 0.0, 0.15955995835493908, 0.18729893790475907, 0.11427921263688517, 0.36363636363636365, 0.0, 0.1875574043182906
0.0, 0.0, 0.0, 0.0, 0.0, 0.0, 0.0, 1.0, 0.0, 1.0, 0.0, 0.0, 0.0, 0.0, 0.0, 0.0, 0.0, 0.0, 0.0, 0.0, 0.29500587509690573, 0.010730774342484126, 0.010013588620125686, 0.5927272727272728, 0.0, 0.1608275957112387
1.0, 0.0, 0.0, 0.0, 0.0, 0.0, 0.0, 0.0, 0.0, 0.0, 1.0, 0.0, 0.0, 0.0, 0.0, 0.0, 0.0, 0.0, 0.0, 0.0, 3.9630001987372374E-4, 3.9630001987372374E-4, 3.698135141517141E-4, 0.01818181818181818, 0.0, 3.591293843627441E-4
0.0, 0.0, 0.0, 0.0, 0.0, 0.0, 0.0, 1.0, 0.0, 1.0, 0.0, 0.0, 0.0, 0.0, 0.0, 0.0, 0.0, 0.0, 0.0, 0.0, 0.7719935292200114, 0.7719935292200114, 0.3816353750782025, 0.7090909090909091, 1.0, 0.5653812076718121
1.0, 0.0, 0.0, 0.0, 0.0, 0.0, 0.0, 0.0, 0.0, 0.0, 0.0, 0.0, 0.0, 0.0, 0.0, 0.0, 0.0, 0.0, 1.0, 0.0, 0.2066536703952056, 0.04382120885201387, 0.052279043871313345, 0.16727272727272727, 0.0, 0.09787310091213373
0.0, 1.0, 0.0, 0.0, 0.0, 0.0, 0.0, 0.0, 0.0, 0.0, 0.0, 0.0, 0.0, 0.0, 1.0, 0.0, 0.0, 0.0, 0.0, 0.0, 0.05502380823530497, 0.07039334463225548, 0.05134632062847733, 0.12727272727272726, 0.0, 0.13364751242190206
0.0, 0.0, 0.0, 0.0, 0.0, 1.0, 0.0, 0.0, 0.0, 1.0, 0.0, 0.0, 0.0, 0.0, 0.0, 0.0, 0.0, 0.0, 0.0, 0.0, 0.2874273230428583, 0.19827553698508069, 0.2682172673914294, 0.4, 1.0, 0.11394210566001454
0.0, 0.0, 0.0, 0.0, 0.0, 0.0, 0.0, 0.0, 1.0, 1.0, 0.0, 0.0, 0.0, 0.0, 0.0, 0.0, 0.0, 0.0, 0.0, 0.0, 0.2066536703952056, 0.11529246948199226, 0.233818067386126, 0.41818181818181815, 1.0, 0.21267640280838543
0.0, 0.0, 0.0, 0.0, 1.0, 0.0, 0.0, 0.0, 0.0, 0.0, 0.0, 0.0, 0.0, 0.0, 0.0, 0.0, 0.0, 0.0, 1.0, 0.0, -0.009711895970608515, -0.009711895970608515, 0.01696912671181931, 0.1, 0.0, 0.00716097940560209
0.0, 0.0, 0.0, 0.0, 0.0, 0.0, 0.0, 0.0, 1.0, 1.0, 0.0, 0.0, 0.0, 0.0, 0.0, 0.0, 0.0, 0.0, 0.0, 0.0, 0.6316329276121562, 0.26613953884175356, 0.17883613878503574, 0.509090909090909, 1.0, 0.28342740564852836
0.0, 0.0, 0.0, 1.0, 0.0, 0.0, 0.0, 0.0, 0.0, 0.0, 0.0, 0.0, 0.0, 0.0, 0.0, 1.0, 0.0, 0.0, 0.0, 0.0, 0.045747453045735416, 0.07821135985932486, 0.042689945813590105, 0.10909090909090909, 0.0, 0.05658234602715112
0.0, 0.0, 0.0, 0.0, 0.0, 1.0, 0.0, 0.0, 0.0, 0.0, 0.0, 1.0, 0.0, 0.0, 0.0, 0.0, 0.0, 0.0, 0.0, 0.0, 0.34595789127954263, 0.21418519870023753, 0.45671155481379866, 0.27636363636363637, 1.0, 0.5905301830801132
1.0, 0.0, 0.0, 0.0, 0.0, 0.0, 0.0, 0.0, 0.0, 0.0, 0.0, 0.0, 0.0, 0.0, 0.0, 0.0, 0.0, 1.0, 0.0, 0.0, -0.0010522958975083749, 0.030272465608185806, 0.002536859448061965, 0.11818181818181818, 0.0, 0.035007322324343816
1.0, 0.0, 0.0, 0.0, 0.0, 0.0, 0.0, 0.0, 0.0, 0.0, 0.0, 1.0, 0.0, 0.0, 0.0, 0.0, 0.0, 0.0, 0.0, 0.0, 0.09997598900289201, 0.16408480104115794, 0.15311827870018946, 0.06909090909090909, 0.0, 0.16091151471716753
1.0, 0.0, 0.0, 0.0, 0.0, 0.0, 0.0, 0.0, 0.0, 0.0, 0.0, 1.0, 0.0, 0.0, 0.0, 0.0, 0.0, 0.0, 0.0, 0.0, 0.1621382647085099, 0.017300636608891935, 0.00958132007037881, 0.2, 0.0, 0.05511652061318162
1.0, 0.0, 0.0, 0.0, 0.0, 0.0, 0.0, 0.0, 0.0, 0.0, 0.0, 1.0, 0.0, 0.0, 0.0, 0.0, 0.0, 0.0, 0.0, 0.0, 0.09935877756950748, 0.09935877756950748, 0.09271818534479552, 0.16363636363636364, 1.0, 0.013326235458838183
0.0, 1.0, 0.0, 0.0, 0.0, 0.0, 0.0, 0.0, 0.0, 0.0, 0.0, 0.0, 0.0, 0.0, 1.0, 0.0, 0.0, 0.0, 0.0, 0.0, 0.06534491887237567, 0.037320844732310655, 0.05345974048869326, 0.18181818181818182, 0.0, 0.12133327712099624
0.0, 0.0, 0.0, 1.0, 0.0, 0.0, 0.0, 0.0, 0.0, 0.0, 0.0, 0.0, 0.0, 0.0, 1.0, 0.0, 0.0, 0.0, 0.0, 0.0, 0.06002241482713661, -0.0036841828087050693, -0.0012573277872684658, 0.017272727272727273, 0.0, 0.002773960750552272
0.0, 0.0, 0.0, 0.0, 0.0, 0.0, 0.0, 0.0, 1.0, 1.0, 0.0, 0.0, 0.0, 0.0, 0.0, 0.0, 0.0, 0.0, 0.0, 0.0, 0.031767120442752685, 0.027105236394608004, 0.024200470776567746, 0.7272727272727273, 0.0, 0.1870768462742449
1.0, 0.0, 0.0, 0.0, 0.0, 0.0, 0.0, 0.0, 0.0, 0.0, 0.0, 1.0, 0.0, 0.0, 0.0, 0.0, 0.0, 0.0, 0.0, 0.0, 0.0734959893429437, 0.04198021612829794, 0.04008853093207411, 0.06545454545454546, 0.0, 0.05359532678520574
0.0, 0.0, 0.0, 0.0, 0.0, 0.0, 0.0, 0.0, 1.0, 1.0, 0.0, 0.0, 0.0, 0.0, 0.0, 0.0, 0.0, 0.0, 0.0, 0.0, 0.9566745715800694, 0.6316329284433345, 1.0, 0.8181818181818182, 1.0, 1.0
0.0, 0.0, 0.0, 0.0, 0.0, 1.0, 0.0, 0.0, 0.0, 0.0, 0.0, 1.0, 0.0, 0.0, 0.0, 0.0, 0.0, 0.0, 0.0, 0.0, 0.04590572685865711, 0.04590572685865711, 0.04283764147853964, 0.08, 1.0, 0.07863030679554771
1.0, 0.0, 0.0, 0.0, 0.0, 0.0, 0.0, 0.0, 0.0, 0.0, 0.0, 1.0, 0.0, 0.0, 0.0, 0.0, 0.0, 0.0, 0.0, 0.0, 0.022893439579836552, 0.020184810943899942, 0.018835769602106315, 0.09090909090909091, 1.0, 0.08430142502333708
1.0, 0.0, 0.0, 0.0, 0.0, 0.0, 0.0, 0.0, 0.0, 0.0, 0.0, 0.0, 0.0, 0.0, 0.0, 0.0, 0.0, 1.0, 0.0, 0.0, 0.030863614197583173, 0.06740424358888802, 0.034956697408928955, 0.02909090909090909, 0.0, 0.04182546198648165
0.0, 0.0, 0.0, 1.0, 0.0, 0.0, 0.0, 0.0, 0.0, 0.0, 0.0, 0.0, 0.0, 0.0, 0.0, 0.0, 0.0, 0.0, 1.0, 0.0, 0.09471767547369202, 0.09471767547369202, 0.08838726889382664, 0.05454545454545454, 0.0, 0.08717322790635387
0.0, 0.0, 0.0, 1.0, 0.0, 0.0, 0.0, 0.0, 0.0, 0.0, 0.0, 0.0, 0.0, 0.0, 0.0, 1.0, 0.0, 0.0, 0.0, 0.0, 0.01766820528668015, 0.023226945737591032, 0.02167458489900329, 0.07272727272727272, 1.0, 0.028125772912615726
0.0, 0.0, 0.0, 1.0, 0.0, 0.0, 0.0, 0.0, 0.0, 0.0, 0.0, 0.0, 0.0, 0.0, 0.0, 1.0, 0.0, 0.0, 0.0, 0.0, 0.012086360571125221, 0.012086360571125221, 0.011278574948183833, 0.014545454545454545, 1.0, 0.02435392445181584
1.0, 0.0, 0.0, 0.0, 0.0, 0.0, 0.0, 0.0, 0.0, 1.0, 0.0, 0.0, 0.0, 0.0, 0.0, 0.0, 0.0, 0.0, 0.0, 0.0, 0.24232227669053097, 0.16455706137006773, 0.42637241184746727, 0.5272727272727272, 1.0, 0.33596145422689444
0.0, 0.0, 0.0, 1.0, 0.0, 0.0, 0.0, 0.0, 0.0, 0.0, 0.0, 0.0, 0.0, 0.0, 0.0, 0.0, 1.0, 0.0, 0.0, 0.0, 0.00859304970042009, 0.03576336472513602, -0.00812997617498077, 0.06363636363636363, 0.0, 0.011260096747567429
0.0, 0.0, 0.0, 1.0, 0.0, 0.0, 0.0, 0.0, 0.0, 0.0, 0.0, 0.0, 0.0, 0.0, 0.0, 1.0, 0.0, 0.0, 0.0, 0.0, 0.021300996612184365, 0.021300996612184365, 0.019877355581752666, 0.01818181818181818, 0.0, 0.04329671514152862
0.0, 0.0, 0.0, 1.0, 0.0, 0.0, 0.0, 0.0, 0.0, 1.0, 0.0, 0.0, 0.0, 0.0, 0.0, 0.0, 0.0, 0.0, 0.0, 0.0, 0.07512184125015628, 0.06577468406933706, 0.07010111205929183, 0.2545454545454545, 1.0, 0.09998890433669244
0.0, 0.0, 0.0, 1.0, 0.0, 0.0, 0.0, 0.0, 0.0, 1.0, 0.0, 0.0, 0.0, 0.0, 0.0, 0.0, 0.0, 0.0, 0.0, 0.0, 0.012266853443746334, 0.012266853443746334, 0.17752469123750086, 0.2727272727272727, 0.0, 0.05838873130871403
0.0, 0.0, 0.0, 0.0, 0.0, 0.0, 0.0, 1.0, 0.0, 1.0, 0.0, 0.0, 0.0, 0.0, 0.0, 0.0, 0.0, 0.0, 0.0, 0.0, 0.3294747488345049, 0.035791875530669454, 0.04221360303639409, 0.13818181818181818, 1.0, 0.06742582072888074
0.0, 1.0, 0.0, 0.0, 0.0, 0.0, 0.0, 0.0, 0.0, 0.0, 0.0, 0.0, 0.0, 0.0, 1.0, 0.0, 0.0, 0.0, 0.0, 0.0, -0.02658026082291898, -0.02658026082291898, -0.02480378291458307, 0.13090909090909092, 0.0, 0.0017156571319353754
0.0, 0.0, 0.0, 1.0, 0.0, 0.0, 0.0, 0.0, 0.0, 1.0, 0.0, 0.0, 0.0, 0.0, 0.0, 0.0, 0.0, 0.0, 0.0, 0.0, 0.6089089686229582, 0.4250786083809264, 0.5682128543841702, 0.9090909090909091, 1.0, 0.4145280496425467
0.0, 1.0, 0.0, 0.0, 0.0, 0.0, 0.0, 0.0, 0.0, 0.0, 0.0, 0.0, 0.0, 0.0, 1.0, 0.0, 0.0, 0.0, 0.0, 0.0, 0.22716415522013347, 0.015534210973058842, 0.04438493973875163, 0.13818181818181818, 0.0, 0.043235213043177234
1.0, 0.0, 0.0, 0.0, 0.0, 0.0, 0.0, 0.0, 0.0, 0.0, 0.0, 0.0, 0.0, 0.0, 0.0, 0.0, 0.0, 0.0, 1.0, 0.0, 0.03619018243067352, 0.02861871118500475, 0.06248618787714314, 0.2545454545454545, 0.0, 0.15872106260531602
1.0, 0.0, 0.0, 0.0, 0.0, 0.0, 0.0, 0.0, 0.0, 0.0, 0.0, 0.0, 0.0, 0.0, 0.0, 0.0, 0.0, 1.0, 0.0, 0.0, 0.02264913382043693, 0.09997598900289201, 0.03347001284586422, 0.13636363636363635, 0.0, 0.06602527420974397
0.0, 1.0, 0.0, 0.0, 0.0, 0.0, 0.0, 0.0, 0.0, 1.0, 0.0, 0.0, 0.0, 0.0, 0.0, 0.0, 0.0, 0.0, 0.0, 0.0, 0.10965488037727292, 0.04844449817236722, 0.07420358193272417, 0.14545454545454545, 0.0, 0.20070544846548607
1.0, 0.0, 0.0, 0.0, 0.0, 0.0, 0.0, 0.0, 0.0, 0.0, 0.0, 0.0, 0.0, 0.0, 1.0, 0.0, 0.0, 0.0, 0.0, 0.0, 0.054810911874640246, 0.019142966698575854, 0.05114765308535527, 0.10181818181818182, 0.0, 0.1145539274369932
1.0, 0.0, 0.0, 0.0, 0.0, 0.0, 0.0, 0.0, 0.0, 1.0, 0.0, 0.0, 0.0, 0.0, 0.0, 0.0, 0.0, 0.0, 0.0, 0.0, 0.05859560935571327, 0.05859560935571327, 0.054679402278612274, 0.04363636363636364, 0.0, 0.1123297681385332
0.0, 0.0, 0.0, 0.0, 1.0, 0.0, 0.0, 0.0, 0.0, 0.0, 0.0, 0.0, 0.0, 0.0, 0.0, 0.0, 1.0, 0.0, 0.0, 0.0, 0.10521464350171603, 0.20665367042014093, 0.29242912825018236, 0.23636363636363636, 0.0, 0.2387528528992465
0.0, 0.0, 0.0, 0.0, 1.0, 0.0, 0.0, 0.0, 0.0, 0.0, 0.0, 0.0, 0.0, 0.0, 1.0, 0.0, 0.0, 0.0, 0.0, 0.0, 0.004408098699643162, -0.010292697636293922, -0.00960479054276039, 0.13636363636363635, 0.0, 0.026067210256138888
1.0, 0.0, 0.0, 0.0, 0.0, 0.0, 0.0, 0.0, 0.0, 0.0, 0.0, 0.0, 0.0, 0.0, 0.0, 0.0, 0.0, 0.0, 1.0, 0.0, 0.03818330946841582, 0.022944082719920177, 0.03563134783832881, 0.04727272727272727, 0.0, 0.08322490004633507
0.0, 0.0, 0.0, 1.0, 0.0, 0.0, 0.0, 0.0, 0.0, 1.0, 0.0, 0.0, 0.0, 0.0, 0.0, 0.0, 0.0, 0.0, 0.0, 0.0, 0.04138335526567806, 0.013270233664074909, 0.012383324498670575, 0.21818181818181817, 0.0, 0.050002316215904966
1.0, 0.0, 0.0, 0.0, 0.0, 0.0, 0.0, 0.0, 0.0, 0.0, 0.0, 1.0, 0.0, 0.0, 0.0, 0.0, 0.0, 0.0, 0.0, 0.0, 0.10965488037727292, 0.32790633049528567, 0.3873826860607136, 0.18181818181818182, 1.0, 0.3508309249878209
1.0, 0.0, 0.0, 0.0, 0.0, 0.0, 0.0, 0.0, 0.0, 1.0, 0.0, 0.0, 0.0, 0.0, 0.0, 0.0, 0.0, 0.0, 0.0, 0.0, 0.05661817205612809, 0.04563132288437251, 0.1644168299212149, 0.36363636363636365, 1.0, 0.1364206356670324
0.0, 1.0, 0.0, 0.0, 0.0, 0.0, 0.0, 0.0, 0.0, 0.0, 1.0, 0.0, 0.0, 0.0, 0.0, 0.0, 0.0, 0.0, 0.0, 0.0, 0.12945454263941994, 0.2790060594805242, 0.16105040290381648, 0.14545454545454545, 0.0, 0.24085148906707185
0.0, 0.0, 0.0, 0.0, 0.0, 1.0, 0.0, 0.0, 0.0, 1.0, 0.0, 0.0, 0.0, 0.0, 0.0, 0.0, 0.0, 0.0, 0.0, 0.0, 0.3701653005697722, 0.36411299145237214, 0.3397776890351926, 0.4909090909090909, 0.0, 0.30029611255637756
0.0, 0.0, 0.0, 0.0, 0.0, 1.0, 0.0, 0.0, 0.0, 0.0, 0.0, 1.0, 0.0, 0.0, 0.0, 0.0, 0.0, 0.0, 0.0, 0.0, 0.04002872738567655, 0.04002872738567655, 0.03735342820884756, 0.21818181818181817, 0.0, 0.08985222003442382
0.0, 0.0, 0.0, 0.0, 0.0, 1.0, 0.0, 0.0, 0.0, 1.0, 0.0, 0.0, 0.0, 0.0, 0.0, 0.0, 0.0, 0.0, 0.0, 0.0, 0.37657910910063586, 0.2874273230428583, 0.2682172673914294, 0.4, 1.0, 0.22881251067267894
0.0, 1.0, 0.0, 0.0, 0.0, 0.0, 0.0, 0.0, 0.0, 0.0, 0.0, 0.0, 0.0, 0.0, 1.0, 0.0, 0.0, 0.0, 0.0, 0.0, 0.02861871118500475, -0.00972410431823926, -0.009074198863405998, 0.07272727272727272, 0.0, 0.00963092087473873
0.0, 0.0, 0.0, 0.0, 0.0, 1.0, 0.0, 0.0, 0.0, 1.0, 0.0, 0.0, 0.0, 0.0, 0.0, 0.0, 0.0, 0.0, 0.0, 0.0, 0.1632079278283249, 0.12913885935594455, 0.15230001085249512, 0.28363636363636363, 1.0, 0.19219877754146808
0.0, 1.0, 0.0, 0.0, 0.0, 0.0, 0.0, 0.0, 0.0, 0.0, 0.0, 0.0, 0.0, 0.0, 1.0, 0.0, 0.0, 0.0, 0.0, 0.0, 0.04909664465526026, 0.04909664465526026, 0.04581529594372755, 0.13454545454545455, 0.0, 0.11597810219817786
1.0, 0.0, 0.0, 0.0, 0.0, 0.0, 0.0, 0.0, 0.0, 0.0, 0.0, 1.0, 0.0, 0.0, 0.0, 0.0, 0.0, 0.0, 0.0, 0.0, 0.0038747132653909697, 0.0038747132653909697, 0.0036157488194451283, 0.016727272727272726, 0.0, 8.250503365225941E-4
0.0, 0.0, 0.0, 0.0, 0.0, 0.0, 0.0, 0.0, 1.0, 1.0, 0.0, 0.0, 0.0, 0.0, 0.0, 0.0, 0.0, 0.0, 0.0, 0.0, 0.37319145263493714, 0.37016529890741545, 0.3482493959861135, 0.7272727272727273, 1.0, 0.23762746220838207
1.0, 0.0, 0.0, 0.0, 0.0, 0.0, 0.0, 0.0, 0.0, 1.0, 0.0, 0.0, 0.0, 0.0, 0.0, 0.0, 0.0, 0.0, 0.0, 0.0, 0.3294747488345049, 0.2648658045636594, 0.44007491146526345, 0.5818181818181818, 1.0, 0.3829418936476027
1.0, 0.0, 0.0, 0.0, 0.0, 0.0, 0.0, 0.0, 0.0, 1.0, 0.0, 0.0, 0.0, 0.0, 0.0, 0.0, 0.0, 0.0, 0.0, 0.0, -0.0017995401969566373, -0.0017995401969566373, -0.0016792688637912597, 0.01090909090909091, 0.0, 0.0011285016544911588
0.0, 0.0, 0.0, 0.0, 0.0, 0.0, 0.0, 0.0, 1.0, 1.0, 0.0, 0.0, 0.0, 0.0, 0.0, 0.0, 0.0, 0.0, 0.0, 0.0, 0.4368691008773645, 0.2790060594805242, 0.623870862507369, 1.0, 1.0, 0.7190017724101574
0.0, 0.0, 1.0, 0.0, 0.0, 0.0, 0.0, 0.0, 0.0, 0.0, 0.0, 0.0, 1.0, 0.0, 0.0, 0.0, 0.0, 0.0, 0.0, 0.0, 0.007033762021630687, 0.007033762021630687, 0.006563664195007974, 0.03272727272727273, 0.0, 0.019032227284044023
1.0, 0.0, 0.0, 0.0, 0.0, 0.0, 0.0, 0.0, 0.0, 0.0, 0.0, 0.0, 0.0, 0.0, 1.0, 0.0, 0.0, 0.0, 0.0, 0.0, 0.01347815459112596, 0.01347815459112596, 0.012577349138696917, 0.035272727272727275, 0.0, 0.010812089105821404
1.0, 0.0, 0.0, 0.0, 0.0, 0.0, 0.0, 0.0, 0.0, 0.0, 0.0, 0.0, 0.0, 0.0, 1.0, 0.0, 0.0, 0.0, 0.0, 0.0, 0.10461657410577267, 0.04150411494915999, 0.024828943478151677, 0.05454545454545454, 0.0, 0.03434015940843956
1.0, 0.0, 0.0, 0.0, 0.0, 0.0, 0.0, 0.0, 0.0, 0.0, 0.0, 0.0, 0.0, 0.0, 0.0, 0.0, 0.0, 0.0, 1.0, 0.0, 0.10965488037727292, 0.10521464350171603, -0.0032989238136110757, 0.12727272727272726, 0.0, 0.03160887292841008
1.0, 0.0, 0.0, 0.0, 0.0, 0.0, 0.0, 0.0, 0.0, 0.0, 0.0, 0.0, 0.0, 0.0, 1.0, 0.0, 0.0, 0.0, 0.0, 0.0, 6.708930872333591E-4, 6.708930872333591E-4, 6.260542966637165E-4, 0.0061818181818181816, 0.0, 0.004022527310686805
1.0, 0.0, 0.0, 0.0, 0.0, 0.0, 0.0, 0.0, 0.0, 1.0, 0.0, 0.0, 0.0, 0.0, 0.0, 0.0, 0.0, 0.0, 0.0, 0.0, 0.10965488037727292, 0.08405930673978695, 0.05619412420571037, 0.22181818181818183, 0.0, 0.12131387972530407
1.0, 0.0, 0.0, 0.0, 0.0, 0.0, 0.0, 0.0, 0.0, 0.0, 0.0, 1.0, 0.0, 0.0, 0.0, 0.0, 0.0, 0.0, 0.0, 0.0, 0.1621382647085099, 0.019499643199653346, 0.03153926942734631, 0.3090909090909091, 0.0, 0.12521920601383058
0.0, 0.0, 0.0, 0.0, 0.0, 1.0, 0.0, 0.0, 0.0, 1.0, 0.0, 0.0, 0.0, 0.0, 0.0, 0.0, 0.0, 0.0, 0.0, 0.0, 0.16965832067434158, 0.14385596573844267, 0.3054555956591158, 0.21818181818181817, 0.0, 0.40620313504367245
0.0, 0.0, 0.0, 0.0, 0.0, 1.0, 0.0, 0.0, 0.0, 1.0, 0.0, 0.0, 0.0, 0.0, 0.0, 0.0, 0.0, 0.0, 0.0, 0.0, 0.0734959893429437, 0.05926988893784058, 0.12557470749980026, 0.5272727272727272, 0.0, 0.16591713701781394
1.0, 0.0, 0.0, 0.0, 0.0, 0.0, 0.0, 0.0, 0.0, 0.0, 0.0, 1.0, 0.0, 0.0, 0.0, 0.0, 0.0, 0.0, 0.0, 0.0, 0.07057881736867089, 0.030272465608185806, 0.06586171881620642, 0.10181818181818182, 0.0, 0.10254494521380468
0.0, 0.0, 0.0, 0.0, 1.0, 0.0, 0.0, 0.0, 0.0, 1.0, 0.0, 0.0, 0.0, 0.0, 0.0, 0.0, 0.0, 0.0, 0.0, 0.0, 0.1831973989762953, 0.1831973989762953, 0.17095349609234126, 0.4, 1.0, 0.17021495813659357
1.0, 0.0, 0.0, 0.0, 0.0, 0.0, 0.0, 0.0, 0.0, 0.0, 0.0, 0.0, 0.0, 0.0, 0.0, 0.0, 0.0, 0.0, 1.0, 0.0, 0.330050239519876, 0.2067363518866829, 0.4703345418074797, 0.4, 0.0, 0.4397588631285538
1.0, 0.0, 0.0, 0.0, 0.0, 0.0, 0.0, 0.0, 0.0, 0.0, 0.0, 0.0, 0.0, 0.0, 0.0, 0.0, 0.0, 0.0, 1.0, 0.0, 0.09544168443167016, 0.04932187071559508, 0.04602546913745464, 0.09090909090909091, 0.0, 0.08275602215453413
1.0, 0.0, 0.0, 0.0, 0.0, 0.0, 0.0, 0.0, 0.0, 0.0, 0.0, 0.0, 0.0, 0.0, 0.0, 0.0, 0.0, 0.0, 1.0, 0.0, 0.34869494056309686, 0.08383175529177739, 0.03519307748701919, 0.09090909090909091, 0.0, 0.027232908703163333
0.0, 0.0, 0.0, 1.0, 0.0, 0.0, 0.0, 0.0, 0.0, 0.0, 0.0, 0.0, 0.0, 0.0, 0.0, 1.0, 0.0, 0.0, 0.0, 0.0, 0.06682844256645569, 0.06682844256645569, 0.062361998363416216, 0.06181818181818182, 1.0, 0.08702332085349176
0.0, 0.0, 0.0, 0.0, 0.0, 1.0, 0.0, 0.0, 0.0, 0.0, 0.0, 1.0, 0.0, 0.0, 0.0, 0.0, 0.0, 0.0, 0.0, 0.0, 0.14111960500303505, 0.14111960500303505, 0.13168794959562016, 0.18181818181818182, 1.0, 0.14485086256167493
0.0, 0.0, 0.0, 0.0, 1.0, 0.0, 0.0, 0.0, 0.0, 1.0, 0.0, 0.0, 0.0, 0.0, 0.0, 0.0, 0.0, 0.0, 0.0, 0.0, -0.0027015249701532375, -0.0027015249701532375, -0.0025209699537721746, 0.016363636363636365, 0.0, 3.2177856784381217E-4
0.0, 1.0, 0.0, 0.0, 0.0, 0.0, 0.0, 0.0, 0.0, 0.0, 0.0, 0.0, 0.0, 0.0, 1.0, 0.0, 0.0, 0.0, 0.0, 0.0, 0.03576336472513602, 0.10099933163369496, 0.09424909383131633, 0.10909090909090909, 0.0, 0.1871264596462043
0.0, 0.0, 0.0, 1.0, 0.0, 0.0, 0.0, 0.0, 0.0, 0.0, 0.0, 1.0, 0.0, 0.0, 0.0, 0.0, 0.0, 0.0, 0.0, 0.0, 0.03612410333611892, 0.03612410333611892, 0.03803927132336646, 0.07272727272727272, 1.0, 0.05136665747191605
0.0, 1.0, 0.0, 0.0, 0.0, 0.0, 0.0, 0.0, 0.0, 0.0, 0.0, 0.0, 0.0, 0.0, 1.0, 0.0, 0.0, 0.0, 0.0, 0.0, -0.009959612054785436, -0.009959612054785436, -0.00802892943123684, 0.04363636363636364, 0.0, 2.8043596303024525E-5
1.0, 0.0, 0.0, 0.0, 0.0, 0.0, 0.0, 0.0, 0.0, 1.0, 0.0, 0.0, 0.0, 0.0, 0.0, 0.0, 0.0, 0.0, 0.0, 0.0, 0.11332021416384115, 0.04418756899647862, 0.04123431580350665, 0.3054545454545455, 1.0, 0.08545533100896058
1.0, 0.0, 0.0, 0.0, 0.0, 0.0, 0.0, 0.0, 0.0, 0.0, 0.0, 1.0, 0.0, 0.0, 0.0, 0.0, 0.0, 0.0, 0.0, 0.0, 0.16965832067434158, 0.017300636608891935, 0.011182994435573714, 0.08, 0.0, 0.049191116807174806
1.0, 0.0, 0.0, 0.0, 0.0, 0.0, 0.0, 0.0, 0.0, 1.0, 0.0, 0.0, 0.0, 0.0, 0.0, 0.0, 0.0, 0.0, 0.0, 0.0, 0.41961314633871766, 0.3294747488345049, 0.44007491146526345, 0.45454545454545453, 1.0, 0.3366670316874685
1.0, 0.0, 0.0, 0.0, 0.0, 0.0, 0.0, 0.0, 0.0, 1.0, 0.0, 0.0, 0.0, 0.0, 0.0, 0.0, 0.0, 0.0, 0.0, 0.0, 0.02933819703662825, 0.02933819703662825, 0.027377393895786358, 0.10181818181818182, 1.0, 0.046200753961207715
0.0, 0.0, 0.0, 0.0, 0.0, 1.0, 0.0, 0.0, 0.0, 0.0, 0.0, 1.0, 0.0, 0.0, 0.0, 0.0, 0.0, 0.0, 0.0, 0.0, 0.010245884840344091, 0.05594879212908412, 0.0497560289770113, 0.2, 1.0, 0.08024060510363579
0.0, 0.0, 0.0, 1.0, 0.0, 0.0, 0.0, 0.0, 0.0, 0.0, 0.0, 0.0, 0.0, 0.0, 0.0, 1.0, 0.0, 0.0, 0.0, 0.0, 0.022459653416298166, 0.022459653416298166, 0.020958574160953473, 0.025454545454545455, 0.0, 0.02538421335362702
0.0, 0.0, 0.0, 0.0, 0.0, 1.0, 0.0, 0.0, 0.0, 1.0, 0.0, 0.0, 0.0, 0.0, 0.0, 0.0, 0.0, 0.0, 0.0, 0.0, 0.026060079903552125, 0.011191514788791941, 0.020519065133358546, 0.14545454545454545, 0.0, 0.09147256198990916
1.0, 0.0, 0.0, 0.0, 0.0, 0.0, 0.0, 0.0, 0.0, 0.0, 0.0, 1.0, 0.0, 0.0, 0.0, 0.0, 0.0, 0.0, 0.0, 0.0, 0.06861293677288866, 0.13675016191499748, 0.10957260690958591, 0.12727272727272726, 0.0, 0.2158051241171243
0.0, 1.0, 0.0, 0.0, 0.0, 0.0, 0.0, 0.0, 0.0, 0.0, 0.0, 0.0, 0.0, 0.0, 1.0, 0.0, 0.0, 0.0, 0.0, 0.0, 0.012852429813473462, -0.013875137839604836, -0.012947800218225287, 0.06945454545454545, 0.0, 0.002184432341079211
0.0, 0.0, 0.0, 0.0, 0.0, 0.0, 0.0, 0.0, 1.0, 1.0, 0.0, 0.0, 0.0, 0.0, 0.0, 0.0, 0.0, 0.0, 0.0, 0.0, 0.9566745715800694, 0.45309354978261573, 0.7854714474889595, 0.7272727272727273, 1.0, 0.656193956577882
1.0, 0.0, 0.0, 0.0, 0.0, 0.0, 0.0, 0.0, 0.0, 0.0, 0.0, 0.0, 0.0, 0.0, 0.0, 0.0, 0.0, 0.0, 1.0, 0.0, 0.035791875530669454, 0.026346757057378916, 0.024585885251773097, 0.14545454545454545, 0.0, 0.05882730177250626
1.0, 0.0, 0.0, 0.0, 0.0, 0.0, 0.0, 0.0, 0.0, 1.0, 0.0, 0.0, 0.0, 0.0, 0.0, 0.0, 0.0, 0.0, 0.0, 0.0, 0.05661817205612809, -0.03444277166199378, -0.032140806930833904, 0.2, 0.0, 0.015225638392398587
0.0, 0.0, 0.0, 1.0, 0.0, 0.0, 0.0, 0.0, 0.0, 1.0, 0.0, 0.0, 0.0, 0.0, 0.0, 0.0, 0.0, 0.0, 0.0, 0.0, 0.0694964768672812, 0.04138335526567806, 0.08538661243495241, 0.3090909090909091, 0.0, 0.1041830544778008
1.0, 0.0, 0.0, 0.0, 0.0, 0.0, 0.0, 0.0, 0.0, 0.0, 0.0, 0.0, 0.0, 0.0, 0.0, 0.0, 0.0, 0.0, 1.0, 0.0, -0.027105844817161495, 0.04167246541984079, -0.02529423977591417, 0.14545454545454545, 0.0, 0.011854478517004826
0.0, 0.0, 0.0, 1.0, 0.0, 0.0, 0.0, 0.0, 0.0, 0.0, 0.0, 0.0, 0.0, 0.0, 0.0, 1.0, 0.0, 0.0, 0.0, 0.0, 0.12345463923398091, 0.12901871155271807, 0.17642458652917728, 0.07272727272727272, 1.0, 0.22044705567724976
1.0, 0.0, 0.0, 0.0, 0.0, 0.0, 0.0, 0.0, 0.0, 0.0, 0.0, 1.0, 0.0, 0.0, 0.0, 0.0, 0.0, 0.0, 0.0, 0.0, 0.15408839853898829, 0.15408839853898829, 0.1437899805603602, 0.18181818181818182, 1.0, 0.09106481236741112
0.0, 1.0, 0.0, 0.0, 0.0, 0.0, 0.0, 0.0, 0.0, 0.0, 0.0, 0.0, 0.0, 0.0, 1.0, 0.0, 0.0, 0.0, 0.0, 0.0, 0.13619251521583559, 0.07039334463225548, 0.12709015929188552, 0.2, 0.0, 0.17189143702159698
0.0, 0.0, 0.0, 1.0, 0.0, 0.0, 0.0, 0.0, 0.0, 0.0, 0.0, 0.0, 0.0, 0.0, 1.0, 0.0, 0.0, 0.0, 0.0, 0.0, 0.418307099752845, 0.531496454277516, 0.32551845691382864, 0.4636363636363636, 1.0, 0.4513017222431013
1.0, 0.0, 0.0, 0.0, 0.0, 0.0, 0.0, 0.0, 0.0, 0.0, 0.0, 0.0, 0.0, 0.0, 1.0, 0.0, 0.0, 0.0, 0.0, 0.0, 0.20673635186174755, 0.04150411494915999, 0.05421158209066044, 0.08363636363636363, 0.0, 0.06572096613335525
1.0, 0.0, 0.0, 0.0, 0.0, 0.0, 0.0, 0.0, 0.0, 0.0, 0.0, 1.0, 0.0, 0.0, 0.0, 0.0, 0.0, 0.0, 0.0, 0.0, 0.12913885935594455, 0.049626645115674876, 0.08871585085340689, 0.23636363636363636, 0.0, 0.09570380142764415
0.0, 0.0, 0.0, 1.0, 0.0, 0.0, 0.0, 0.0, 0.0, 0.0, 0.0, 0.0, 0.0, 0.0, 1.0, 0.0, 0.0, 0.0, 0.0, 0.0, 0.418307099752845, 0.531496454277516, 0.32551845691382864, 0.49527272727272725, 1.0, 0.46901063641031043
1.0, 0.0, 0.0, 0.0, 0.0, 0.0, 0.0, 0.0, 0.0, 0.0, 1.0, 0.0, 0.0, 0.0, 0.0, 0.0, 0.0, 0.0, 0.0, 0.0, 0.014020770817864014, 0.030759279013921323, 0.046529220633017614, 0.02909090909090909, 0.0, 0.05618043808519197
1.0, 0.0, 0.0, 0.0, 0.0, 0.0, 0.0, 0.0, 0.0, 0.0, 0.0, 0.0, 0.0, 0.0, 0.0, 0.0, 0.0, 0.0, 1.0, 0.0, 0.03200029547725462, 0.004673231295002993, 0.00436089831183834, 0.10181818181818182, 0.0, 0.04920049462171747
0.0, 0.0, 0.0, 1.0, 0.0, 0.0, 0.0, 0.0, 0.0, 0.0, 0.0, 0.0, 0.0, 0.0, 1.0, 0.0, 0.0, 0.0, 0.0, 0.0, 0.016025166830399243, 0.016025166830399243, 0.014954133139599089, 0.006545454545454545, 0.0, 0.02052970623148011
1.0, 0.0, 0.0, 0.0, 0.0, 0.0, 0.0, 0.0, 0.0, 0.0, 0.0, 0.0, 0.0, 0.0, 0.0, 0.0, 0.0, 0.0, 1.0, 0.0, 0.014020770817864014, -0.0036841828087050693, -0.0027975306118774566, 0.12727272727272726, 0.0, 0.03253026045470412
0.0, 0.0, 0.0, 0.0, 0.0, 0.0, 0.0, 1.0, 0.0, 0.0, 0.0, 0.0, 0.0, 0.0, 0.0, 0.0, 0.0, 0.0, 1.0, 0.0, 0.07322726245810197, 0.04580631986443142, 0.06833315645547892, 0.01090909090909091, 0.0, 0.10344173061722496
0.0, 0.0, 0.0, 0.0, 1.0, 0.0, 0.0, 0.0, 0.0, 0.0, 0.0, 0.0, 0.0, 0.0, 0.0, 0.0, 0.0, 0.0, 0.0, 1.0, -0.01247606186606427, 0.24634972643372882, 0.03703404906337198, 1.0, 0.0, 0.14325820641760928
0.0, 0.0, 0.0, 1.0, 0.0, 0.0, 0.0, 0.0, 0.0, 0.0, 0.0, 0.0, 0.0, 0.0, 0.0, 1.0, 0.0, 0.0, 0.0, 0.0, 0.06762664225475899, 0.06762664225475899, 0.0631068507906765, 0.01818181818181818, 1.0, 0.05208316582222134
1.0, 0.0, 0.0, 0.0, 0.0, 0.0, 0.0, 0.0, 0.0, 0.0, 0.0, 0.0, 0.0, 0.0, 0.0, 0.0, 0.0, 1.0, 0.0, 0.0, 0.014020770817864014, 0.037320844732310655, 0.016193310479934265, 0.02, 0.0, 0.03927243259917207
1.0, 0.0, 0.0, 0.0, 0.0, 0.0, 0.0, 0.0, 0.0, 1.0, 0.0, 0.0, 0.0, 0.0, 0.0, 0.0, 0.0, 0.0, 0.0, 0.0, 0.04563132288437251, -0.010159404888734564, -0.00948040634666176, 0.2545454545454545, 0.0, 0.04031094253121706
0.0, 0.0, 0.0, 1.0, 0.0, 0.0, 0.0, 0.0, 0.0, 0.0, 0.0, 0.0, 0.0, 0.0, 1.0, 0.0, 0.0, 0.0, 0.0, 0.0, 0.05653523541783214, 0.05653523541783214, 0.052359298770447336, 0.04363636363636364, 0.0, 0.12490148501535861
0.0, 0.0, 0.0, 1.0, 0.0, 0.0, 0.0, 0.0, 0.0, 0.0, 0.0, 0.0, 0.0, 0.0, 0.0, 1.0, 0.0, 0.0, 0.0, 0.0, 0.06002241482713661, 0.11058100938546729, 0.10319038513375253, 0.05454545454545454, 0.0, 0.11492143508440844
1.0, 0.0, 0.0, 0.0, 0.0, 0.0, 0.0, 0.0, 0.0, 0.0, 0.0, 0.0, 0.0, 0.0, 1.0, 0.0, 0.0, 0.0, 0.0, 0.0, 0.004700240435543641, 0.004700240435543641, 0.004386102310517767, 0.04363636363636364, 0.0, 0.028325832421386997
0.0, 0.0, 0.0, 0.0, 0.0, 0.0, 0.0, 1.0, 0.0, 0.0, 0.0, 0.0, 0.0, 0.0, 1.0, 0.0, 0.0, 0.0, 0.0, 0.0, 0.12945454263941994, 0.004408098699643162, 0.017831761973960795, 0.08363636363636363, 0.0, 0.04102212421868546
1.0, 0.0, 0.0, 0.0, 0.0, 0.0, 0.0, 0.0, 0.0, 0.0, 0.0, 0.0, 0.0, 0.0, 1.0, 0.0, 0.0, 0.0, 0.0, 0.0, 0.028180771207653412, 0.003859705509071477, -0.002767598391134642, 0.05818181818181818, 0.0, 0.019945772422402305
1.0, 0.0, 0.0, 0.0, 0.0, 0.0, 0.0, 0.0, 0.0, 0.0, 0.0, 0.0, 0.0, 0.0, 1.0, 0.0, 0.0, 0.0, 0.0, 0.0, 0.10461657410577267, 0.005097266074118456, 0.004756592947022063, 0.02181818181818182, 0.0, 0.018442507949005423
0.0, 0.0, 0.0, 1.0, 0.0, 0.0, 0.0, 0.0, 0.0, 0.0, 0.0, 0.0, 0.0, 0.0, 0.0, 1.0, 0.0, 0.0, 0.0, 0.0, 0.1679311445270464, 0.1679311445270464, 0.1317920876006885, 0.01818181818181818, 1.0, 0.1669055362087792
0.0, 0.0, 0.0, 1.0, 0.0, 0.0, 0.0, 0.0, 0.0, 1.0, 0.0, 0.0, 0.0, 0.0, 0.0, 0.0, 0.0, 0.0, 0.0, 0.0, 0.11529246948199226, -0.01997947041004195, -0.018644152896035975, 0.6363636363636364, 0.0, 0.06154938852822649
0.0, 0.0, 0.0, 1.0, 0.0, 0.0, 0.0, 0.0, 0.0, 0.0, 0.0, 0.0, 0.0, 0.0, 0.0, 1.0, 0.0, 0.0, 0.0, 0.0, 0.11453125847711008, 0.11453125847711008, 0.1317920876006885, 0.01818181818181818, 1.0, 0.08647858775317714
0.0, 0.0, 0.0, 0.0, 0.0, 0.0, 0.0, 1.0, 0.0, 1.0, 0.0, 0.0, 0.0, 0.0, 0.0, 0.0, 0.0, 0.0, 0.0, 0.0, 0.23021866692442505, 0.10686162215897349, 0.2148321220518051, 0.6909090909090909, 1.0, 0.36705626247671497
1.0, 0.0, 0.0, 0.0, 0.0, 0.0, 0.0, 0.0, 0.0, 0.0, 0.0, 0.0, 0.0, 0.0, 0.0, 0.0, 0.0, 0.0, 1.0, 0.0, 0.04382120885201387, 0.03161908342241134, 0.029505838426210605, 0.05454545454545454, 0.0, 0.06578648569066554
1.0, 0.0, 0.0, 0.0, 0.0, 0.0, 0.0, 0.0, 0.0, 0.0, 0.0, 0.0, 0.0, 0.0, 1.0, 0.0, 0.0, 0.0, 0.0, 0.0, 0.006632966158052259, 0.006632966158052259, 0.006189655314527378, 0.02, 0.0, 9.814360232808987E-4
1.0, 0.0, 0.0, 0.0, 0.0, 0.0, 0.0, 0.0, 0.0, 1.0, 0.0, 0.0, 0.0, 0.0, 0.0, 0.0, 0.0, 0.0, 0.0, 0.0, 0.03576336472513602, 0.02155386849567729, 0.014000298881651304, 0.10909090909090909, 0.0, 0.019333698752030445
0.0, 1.0, 0.0, 0.0, 0.0, 0.0, 0.0, 0.0, 0.0, 0.0, 0.0, 0.0, 0.0, 0.0, 1.0, 0.0, 0.0, 0.0, 0.0, 0.0, 0.006875121243466686, -0.0043158678250177634, -0.0040274190435133, 0.07272727272727272, 0.0, 0.009148516147281823
0.0, 0.0, 0.0, 1.0, 0.0, 0.0, 0.0, 0.0, 0.0, 1.0, 0.0, 0.0, 0.0, 0.0, 0.0, 0.0, 0.0, 0.0, 0.0, 0.0, 0.32790633049528567, 0.16610994964049122, 0.2245990768051795, 0.7272727272727273, 0.0, 0.37667046372692864
0.0, 0.0, 0.0, 0.0, 1.0, 0.0, 0.0, 0.0, 0.0, 0.0, 0.0, 0.0, 0.0, 0.0, 1.0, 0.0, 0.0, 0.0, 0.0, 0.0, 0.012109464835769268, 0.01766820528668015, 0.011300135051316378, 0.2909090909090909, 0.0, 0.037172779231274856
1.0, 0.0, 0.0, 0.0, 0.0, 0.0, 0.0, 0.0, 0.0, 0.0, 0.0, 0.0, 0.0, 0.0, 1.0, 0.0, 0.0, 0.0, 0.0, 0.0, 0.08405930673978695, 0.10869516710906842, 0.10143058214511488, 0.11272727272727273, 0.0, 0.15044994730109443
0.0, 0.0, 0.0, 0.0, 0.0, 0.0, 0.0, 1.0, 0.0, 0.0, 0.0, 0.0, 0.0, 0.0, 0.0, 0.0, 0.0, 0.0, 1.0, 0.0, 0.09564799428572197, 0.09564799428572197, 0.08925541033189135, 0.04363636363636364, 0.0, 0.10360547736696388
0.0, 0.0, 0.0, 1.0, 0.0, 0.0, 0.0, 0.0, 0.0, 1.0, 0.0, 0.0, 0.0, 0.0, 0.0, 0.0, 0.0, 0.0, 0.0, 0.0, 0.12631424310573236, 0.09544168443167016, 0.11787209636080576, 0.5454545454545454, 1.0, 0.134241663155361
0.0, 0.0, 0.0, 0.0, 0.0, 0.0, 0.0, 1.0, 0.0, 0.0, 0.0, 0.0, 0.0, 0.0, 0.0, 0.0, 0.0, 0.0, 1.0, 0.0, 0.006806007516749788, 0.006806007516749788, 0.05555546441938553, 0.18181818181818182, 0.0, 0.04271550563169691
0.0, 0.0, 0.0, 1.0, 0.0, 0.0, 0.0, 0.0, 0.0, 1.0, 0.0, 0.0, 0.0, 0.0, 0.0, 0.0, 0.0, 0.0, 0.0, 0.0, 0.418307099752845, 0.10043192690068332, 0.17910095645068044, 0.6181818181818182, 1.0, 0.2489039721369198
0.0, 0.0, 0.0, 1.0, 0.0, 0.0, 0.0, 0.0, 0.0, 0.0, 0.0, 0.0, 0.0, 0.0, 1.0, 0.0, 0.0, 0.0, 0.0, 0.0, 0.04457102814199591, -0.0311952705679158, -0.02911035088343025, 0.21818181818181817, 0.0, 0.020216018736132216
1.0, 0.0, 0.0, 0.0, 0.0, 0.0, 0.0, 0.0, 0.0, 1.0, 0.0, 0.0, 0.0, 0.0, 0.0, 0.0, 0.0, 0.0, 0.0, 0.0, 0.14604092475011657, 0.0865755874062712, 0.13628035549686726, 0.18181818181818182, 0.0, 0.08937157535188621
0.0, 0.0, 0.0, 0.0, 0.0, 0.0, 1.0, 0.0, 0.0, 0.0, 0.0, 1.0, 0.0, 0.0, 0.0, 0.0, 0.0, 0.0, 0.0, 0.0, 0.003859705509071477, 0.022944082719920177, 0.03153926942734631, 0.03636363636363636, 0.0, 0.014183768812166719
0.0, 0.0, 0.0, 1.0, 0.0, 0.0, 0.0, 0.0, 0.0, 0.0, 0.0, 0.0, 0.0, 0.0, 0.0, 0.0, 0.0, 1.0, 0.0, 0.0, 0.03700040843854852, 0.0720162929508847, 0.046529220633017614, 0.10909090909090909, 0.0, 0.10650223053123865
1.0, 0.0, 0.0, 0.0, 0.0, 0.0, 0.0, 0.0, 0.0, 0.0, 0.0, 0.0, 0.0, 0.0, 0.0, 0.0, 0.0, 1.0, 0.0, 0.0, 0.043939227035002824, 0.0734959893429437, 0.04008853093207411, 0.07818181818181819, 0.0, 0.026768649926515238
1.0, 0.0, 0.0, 0.0, 0.0, 0.0, 0.0, 0.0, 0.0, 1.0, 0.0, 0.0, 0.0, 0.0, 0.0, 0.0, 0.0, 0.0, 0.0, 0.0, 0.20280249003313466, 0.20280249003313466, 0.13930530459272072, 0.4727272727272727, 1.0, 0.12448961525124456
1.0, 0.0, 0.0, 0.0, 0.0, 0.0, 0.0, 0.0, 0.0, 0.0, 0.0, 1.0, 0.0, 0.0, 0.0, 0.0, 0.0, 0.0, 0.0, 0.0, 0.019499643199653346, -0.011375842718328104, -0.01671466289071597, 0.14545454545454545, 0.0, 0.0296016885020615
0.0, 0.0, 0.0, 0.0, 0.0, 1.0, 0.0, 0.0, 0.0, 1.0, 0.0, 0.0, 0.0, 0.0, 0.0, 0.0, 0.0, 0.0, 0.0, 0.0, 0.030131493603834478, 0.026060079903552125, 0.028117670899498105, 0.10909090909090909, 1.0, 0.10308622881860746
1.0, 0.0, 0.0, 0.0, 0.0, 0.0, 0.0, 0.0, 0.0, 0.0, 0.0, 0.0, 0.0, 0.0, 0.0, 1.0, 0.0, 0.0, 0.0, 0.0, 0.005992580641042132, 0.005992580641042132, 0.005592069630497287, 0.09090909090909091, 0.0, 0.030286816069708126
0.0, 0.0, 1.0, 0.0, 0.0, 0.0, 0.0, 0.0, 0.0, 0.0, 0.0, 1.0, 0.0, 0.0, 0.0, 0.0, 0.0, 0.0, 0.0, 0.0, 0.12127143085015152, 0.12127143085015152, 0.1131663178396795, 0.05454545454545454, 1.0, 0.1636553284813628
0.0, 0.0, 0.0, 0.0, 0.0, 1.0, 0.0, 0.0, 0.0, 1.0, 0.0, 0.0, 0.0, 0.0, 0.0, 0.0, 0.0, 0.0, 0.0, 0.0, 0.019080917572259794, 0.019080917572259794, 0.01780565436985095, 0.4909090909090909, 1.0, 0.10269303125391983
1.0, 0.0, 0.0, 0.0, 0.0, 0.0, 0.0, 0.0, 0.0, 0.0, 0.0, 1.0, 0.0, 0.0, 0.0, 0.0, 0.0, 0.0, 0.0, 0.0, 0.08173074562610325, 0.05299881714426935, 0.07626831374840697, 0.06181818181818182, 0.0, 0.10428882724110952
0.0, 0.0, 0.0, 0.0, 0.0, 0.0, 1.0, 0.0, 0.0, 0.0, 0.0, 0.0, 0.0, 0.0, 1.0, 0.0, 0.0, 0.0, 0.0, 0.0, 0.022944082719920177, 0.07039334463225548, 0.01862944623288901, 0.3709090909090909, 0.0, 0.043492959347822144
0.0, 0.0, 0.0, 0.0, 0.0, 0.0, 0.0, 0.0, 1.0, 1.0, 0.0, 0.0, 0.0, 0.0, 0.0, 0.0, 0.0, 0.0, 0.0, 0.0, 0.3169643105123434, 0.2271641560263765, 0.3593945309054065, 0.6181818181818182, 1.0, 0.331087421355734
1.0, 0.0, 0.0, 0.0, 0.0, 0.0, 0.0, 0.0, 0.0, 0.0, 0.0, 0.0, 0.0, 0.0, 0.0, 1.0, 0.0, 0.0, 0.0, 0.0, -0.0024391518869212704, -0.0024391518869212704, -0.002276132439103992, 0.014545454545454545, 0.0, 0.0017093918854359583
0.0, 0.0, 0.0, 0.0, 1.0, 0.0, 0.0, 0.0, 0.0, 0.0, 0.0, 1.0, 0.0, 0.0, 0.0, 0.0, 0.0, 0.0, 0.0, 0.0, 0.21418519870023753, 0.14385596573844267, 0.09537076368434781, 0.18181818181818182, 1.0, 0.2043378057454531
0.0, 0.0, 0.0, 0.0, 1.0, 0.0, 0.0, 0.0, 0.0, 0.0, 0.0, 0.0, 0.0, 0.0, 1.0, 0.0, 0.0, 0.0, 0.0, 0.0, 0.2790060594555889, -0.005218608139336119, -0.004869825178418036, 0.36363636363636365, 0.0, 4.99669853597811E-4
0.0, 0.0, 0.0, 0.0, 0.0, 1.0, 0.0, 0.0, 0.0, 1.0, 0.0, 0.0, 0.0, 0.0, 0.0, 0.0, 0.0, 0.0, 0.0, 0.0, -0.054353228502310225, -0.054353228502310225, -0.05072055874318465, 0.2545454545454545, 0.0, 0.001573934207727179
0.0, 0.0, 0.0, 0.0, 1.0, 0.0, 0.0, 0.0, 0.0, 0.0, 0.0, 0.0, 0.0, 0.0, 1.0, 0.0, 0.0, 0.0, 0.0, 0.0, 0.09330534885486759, 0.09330534885486759, 0.08706933439005374, 0.05818181818181818, 0.0, 0.07166462499049403
0.0, 0.0, 1.0, 0.0, 0.0, 0.0, 0.0, 0.0, 0.0, 0.0, 0.0, 0.0, 1.0, 0.0, 0.0, 0.0, 0.0, 0.0, 0.0, 0.0, 0.015149115652956105, 0.015149115652956105, 0.0141366323869869, 0.04363636363636364, 0.0, 0.0406335666265654
1.0, 0.0, 0.0, 0.0, 0.0, 0.0, 0.0, 0.0, 0.0, 0.0, 0.0, 1.0, 0.0, 0.0, 0.0, 0.0, 0.0, 0.0, 0.0, 0.0, 0.11963543139397821, 0.08239598420700954, 0.1295481716037802, 0.2909090909090909, 1.0, 0.21445998933123983
1.0, 0.0, 0.0, 0.0, 0.0, 0.0, 0.0, 0.0, 0.0, 1.0, 0.0, 0.0, 0.0, 0.0, 0.0, 0.0, 0.0, 0.0, 0.0, 0.0, 0.2648658045636594, 0.0061575030495996065, 0.023691271664918453, 0.007272727272727273, 1.0, 0.012848425780286353
0.0, 0.0, 0.0, 0.0, 1.0, 0.0, 0.0, 0.0, 0.0, 0.0, 0.0, 0.0, 0.0, 0.0, 1.0, 0.0, 0.0, 0.0, 0.0, 0.0, 0.13163537210768875, 0.08383175529177739, 0.06307929160067564, 0.07272727272727272, 0.0, 0.09092548162822997
0.0, 1.0, 0.0, 0.0, 0.0, 0.0, 0.0, 0.0, 0.0, 0.0, 0.0, 0.0, 0.0, 0.0, 1.0, 0.0, 0.0, 0.0, 0.0, 0.0, 0.006758651961336253, 0.006758651961336253, 0.006306940972515094, 0.06545454545454546, 0.0, 0.025881500648696883
0.0, 1.0, 0.0, 0.0, 0.0, 0.0, 0.0, 0.0, 0.0, 0.0, 0.0, 0.0, 0.0, 0.0, 1.0, 0.0, 0.0, 0.0, 0.0, 0.0, 0.0366557158669468, 0.0366557158669468, 0.02213159245905574, 0.21818181818181817, 0.0, 0.0738046085763825
1.0, 0.0, 0.0, 0.0, 0.0, 0.0, 0.0, 0.0, 0.0, 0.0, 0.0, 0.0, 0.0, 0.0, 1.0, 0.0, 0.0, 0.0, 0.0, 0.0, 0.11017459392505258, 0.11017459392505258, 0.10281113223926758, 0.12, 1.0, 0.05627439111201896
0.0, 0.0, 0.0, 0.0, 0.0, 1.0, 0.0, 0.0, 0.0, 0.0, 0.0, 1.0, 0.0, 0.0, 0.0, 0.0, 0.0, 0.0, 0.0, 0.0, 0.10134086614314915, 0.10134086614314915, 0.09456780205945514, 0.2290909090909091, 0.0, 0.17341384860170936
0.0, 0.0, 0.0, 1.0, 0.0, 0.0, 0.0, 0.0, 0.0, 1.0, 0.0, 0.0, 0.0, 0.0, 0.0, 0.0, 0.0, 0.0, 0.0, 0.0, 0.049626645115674876, 0.004183499347785568, 0.11427921263688517, 0.6545454545454545, 0.0, 0.1185094350609262
1.0, 0.0, 0.0, 0.0, 0.0, 0.0, 0.0, 0.0, 0.0, 0.0, 0.0, 0.0, 0.0, 0.0, 1.0, 0.0, 0.0, 0.0, 0.0, 0.0, -0.011277855102438372, -0.011277855102438372, -0.010524105522012132, 0.06909090909090909, 0.0, 0.008520340552743984
1.0, 0.0, 0.0, 0.0, 0.0, 0.0, 0.0, 0.0, 0.0, 0.0, 0.0, 0.0, 0.0, 0.0, 1.0, 0.0, 0.0, 0.0, 0.0, 0.0, -0.0038470857281566084, -0.0038470857281566084, 0.0023741491960548415, 0.06545454545454546, 0.0, 0.021453500382549853
0.0, 1.0, 0.0, 0.0, 0.0, 0.0, 0.0, 0.0, 0.0, 0.0, 0.0, 0.0, 0.0, 0.0, 1.0, 0.0, 0.0, 0.0, 0.0, 0.0, 0.0708336142612265, 0.06002241482713661, 0.06609948649096192, 0.19090909090909092, 0.0, 0.1535758977825082
0.0, 0.0, 0.0, 0.0, 1.0, 0.0, 0.0, 0.0, 0.0, 0.0, 0.0, 0.0, 0.0, 0.0, 1.0, 0.0, 0.0, 0.0, 0.0, 0.0, -7.819875545520949E-4, 0.12345463923398091, -7.297238230368049E-4, 0.006545454545454545, 0.0, 0.0013494041382365464
1.0, 0.0, 0.0, 0.0, 0.0, 0.0, 0.0, 0.0, 0.0, 0.0, 0.0, 0.0, 0.0, 0.0, 0.0, 0.0, 0.0, 1.0, 0.0, 0.0, 0.057659856299619464, 0.06740424358888802, 0.09126329450722295, 0.09454545454545454, 0.0, 0.08751231812841759
1.0, 0.0, 0.0, 0.0, 0.0, 0.0, 0.0, 0.0, 0.0, 0.0, 0.0, 1.0, 0.0, 0.0, 0.0, 0.0, 0.0, 0.0, 0.0, 0.0, 0.19366465487177872, 0.19366465487177872, 0.18072117838382182, 0.13454545454545455, 0.0, 0.2412948086037548
0.0, 0.0, 0.0, 0.0, 0.0, 0.0, 0.0, 1.0, 0.0, 0.0, 0.0, 0.0, 0.0, 0.0, 0.0, 0.0, 0.0, 1.0, 0.0, 0.0, 0.06276082028622493, 0.10104070312056494, 0.0585662335028107, 0.04363636363636364, 0.0, 0.02458595195969105
0.0, 0.0, 0.0, 0.0, 0.0, 0.0, 0.0, 1.0, 0.0, 1.0, 0.0, 0.0, 0.0, 0.0, 0.0, 0.0, 0.0, 0.0, 0.0, 0.0, 0.04844449817236722, 0.0064649883378736905, 0.00603290420459916, 1.0, 0.0, 0.11721655130775534
0.0, 0.0, 0.0, 0.0, 0.0, 1.0, 0.0, 0.0, 0.0, 1.0, 0.0, 0.0, 0.0, 0.0, 0.0, 0.0, 0.0, 0.0, 0.0, 0.0, 0.4279218237428804, 0.4279218237428804, 0.3993218912050266, 0.5454545454545454, 1.0, 0.26512832611848886
1.0, 0.0, 0.0, 0.0, 0.0, 0.0, 0.0, 0.0, 0.0, 0.0, 0.0, 0.0, 0.0, 0.0, 0.0, 0.0, 0.0, 0.0, 1.0, 0.0, 0.23000698907122402, 0.19039816741996488, 0.21463459157783413, 0.2727272727272727, 0.0, 0.18887831241476627
1.0, 0.0, 0.0, 0.0, 0.0, 0.0, 0.0, 0.0, 0.0, 0.0, 0.0, 1.0, 0.0, 0.0, 0.0, 0.0, 0.0, 0.0, 0.0, 0.0, -0.006436680896747585, 0.21418519870023753, -0.006006488676578688, 0.11636363636363636, 0.0, 0.036160148537651274
1.0, 0.0, 0.0, 0.0, 0.0, 0.0, 0.0, 0.0, 0.0, 0.0, 0.0, 1.0, 0.0, 0.0, 0.0, 0.0, 0.0, 0.0, 0.0, 0.0, 0.07042729189278718, 0.07042729189278718, 0.0657203204666986, 0.04363636363636364, 1.0, 0.08781270821967145
0.0, 0.0, 0.0, 0.0, 1.0, 0.0, 0.0, 0.0, 0.0, 0.0, 0.0, 0.0, 0.0, 0.0, 0.0, 0.0, 0.0, 0.0, 1.0, 0.0, 0.14695290943006326, 0.14695290943006326, 0.13713138815503137, 0.1618181818181818, 0.0, 0.21824156376496662
0.0, 0.0, 0.0, 0.0, 0.0, 0.0, 0.0, 1.0, 0.0, 1.0, 0.0, 0.0, 0.0, 0.0, 0.0, 0.0, 0.0, 0.0, 0.0, 0.0, 0.01444480088419822, -0.016842008186775954, -0.015716381328742198, 0.4, 0.0, 0.09905216896199548
0.0, 1.0, 0.0, 0.0, 0.0, 0.0, 0.0, 0.0, 0.0, 0.0, 0.0, 0.0, 0.0, 0.0, 1.0, 0.0, 0.0, 0.0, 0.0, 0.0, 0.17288589509861432, 0.17288589509861432, 0.13930530459272072, 0.23636363636363636, 0.0, 0.292337481435116
1.0, 0.0, 0.0, 0.0, 0.0, 0.0, 0.0, 0.0, 0.0, 0.0, 0.0, 1.0, 0.0, 0.0, 0.0, 0.0, 0.0, 0.0, 0.0, 0.0, 0.11963543139397821, 0.11003986032982042, -0.0073231852796932645, 0.24545454545454545, 0.0, 0.059252849187428895
1.0, 0.0, 0.0, 0.0, 0.0, 0.0, 0.0, 0.0, 0.0, 0.0, 0.0, 1.0, 0.0, 0.0, 0.0, 0.0, 0.0, 0.0, 0.0, 0.0, 0.0020338535302113245, 0.14385596573844267, 0.001897921987278683, 0.02181818181818182, 0.0, 0.009481272132935882
0.0, 0.0, 0.0, 1.0, 0.0, 0.0, 0.0, 0.0, 0.0, 1.0, 0.0, 0.0, 0.0, 0.0, 0.0, 0.0, 0.0, 0.0, 0.0, 0.0, 0.34869494056309686, 0.24634972645866415, 0.615587113630059, 0.9090909090909091, 1.0, 0.3867668627348685
1.0, 0.0, 0.0, 0.0, 0.0, 0.0, 0.0, 0.0, 0.0, 0.0, 0.0, 1.0, 0.0, 0.0, 0.0, 0.0, 0.0, 0.0, 0.0, 0.0, -0.0023819784528166716, 0.03174453289675458, -0.002222780161733226, 0.14545454545454545, 0.0, 0.05957874789688871
1.0, 0.0, 0.0, 0.0, 0.0, 0.0, 0.0, 0.0, 0.0, 0.0, 0.0, 1.0, 0.0, 0.0, 0.0, 0.0, 0.0, 0.0, 0.0, 0.0, 0.03174453289675458, 0.06838949747172128, 0.04077461449095648, 0.06545454545454546, 0.0, 0.10512972119073884
0.0, 0.0, 0.0, 0.0, 1.0, 0.0, 0.0, 0.0, 0.0, 0.0, 0.0, 0.0, 0.0, 0.0, 1.0, 0.0, 0.0, 0.0, 0.0, 0.0, -0.004737437329141887, 0.06534491887237567, -0.004420813169077598, 0.05454545454545454, 0.0, 0.012190193046716483
0.0, 0.0, 0.0, 0.0, 0.0, 0.0, 0.0, 1.0, 0.0, 1.0, 0.0, 0.0, 0.0, 0.0, 0.0, 0.0, 0.0, 0.0, 0.0, 0.0, 0.42625489414540985, 0.41575469698948925, 0.5643989689382701, 0.4727272727272727, 1.0, 0.6813444289067936
1.0, 0.0, 0.0, 0.0, 0.0, 0.0, 0.0, 0.0, 0.0, 0.0, 1.0, 0.0, 0.0, 0.0, 0.0, 0.0, 0.0, 0.0, 0.0, 0.0, 0.030272465608185806, 0.057659856299619464, 0.016349085075496043, 0.10909090909090909, 0.0, 0.0592331501614315
0.0, 0.0, 0.0, 0.0, 1.0, 0.0, 0.0, 0.0, 0.0, 0.0, 0.0, 0.0, 0.0, 0.0, 1.0, 0.0, 0.0, 0.0, 0.0, 0.0, 0.05796281110898692, 0.10104070312056494, 0.13000916704994467, 0.10909090909090909, 0.0, 0.20057457460576675
1.0, 0.0, 0.0, 0.0, 0.0, 0.0, 0.0, 0.0, 0.0, 0.0, 0.0, 0.0, 0.0, 0.0, 0.0, 0.0, 0.0, 1.0, 0.0, 0.0, -0.011375842718328104, -0.004839897515742474, -0.004516425482393851, 0.05454545454545454, 0.0, 0.014723834664832985
1.0, 0.0, 0.0, 0.0, 0.0, 0.0, 0.0, 0.0, 0.0, 1.0, 0.0, 0.0, 0.0, 0.0, 0.0, 0.0, 0.0, 0.0, 0.0, 0.0, 0.004014977936964945, 0.004014977936964945, 0.0037466389746427893, 0.016363636363636365, 0.0, 0.0022473479303821917
1.0, 0.0, 0.0, 0.0, 0.0, 0.0, 0.0, 0.0, 0.0, 0.0, 0.0, 0.0, 0.0, 0.0, 0.0, 0.0, 0.0, 0.0, 1.0, 0.0, 0.04580631820207472, 0.00755186582629648, -0.005815699176681347, 0.06545454545454546, 0.0, 0.016849482789140842
0.0, 0.0, 0.0, 0.0, 0.0, 0.0, 1.0, 0.0, 0.0, 0.0, 0.0, 1.0, 0.0, 0.0, 0.0, 0.0, 0.0, 0.0, 0.0, 0.0, 0.04772838711264648, 0.04772838711264648, 0.04453848518237605, 0.00909090909090909, 1.0, 0.06424353757913381
0.0, 0.0, 0.0, 0.0, 0.0, 1.0, 0.0, 0.0, 0.0, 1.0, 0.0, 0.0, 0.0, 0.0, 0.0, 0.0, 0.0, 0.0, 0.0, 0.0, 0.23545640795824047, 0.22536583045528064, 0.45671155481379866, 0.24545454545454545, 0.0, 0.34339406937093025
0.0, 0.0, 0.0, 0.0, 0.0, 1.0, 0.0, 0.0, 0.0, 1.0, 0.0, 0.0, 0.0, 0.0, 0.0, 0.0, 0.0, 0.0, 0.0, 0.0, 0.8647971455746187, 0.8647971455746187, 0.8069988781106445, 0.5454545454545454, 0.0, 0.6423199027257668
0.0, 0.0, 0.0, 0.0, 0.0, 0.0, 0.0, 1.0, 0.0, 1.0, 0.0, 0.0, 0.0, 0.0, 0.0, 0.0, 0.0, 0.0, 0.0, 0.0, 0.2178494987502897, 0.0950645261998841, 0.08871093803212253, 0.4727272727272727, 0.0, 0.09710265207852233
0.0, 0.0, 0.0, 0.0, 0.0, 0.0, 0.0, 0.0, 1.0, 1.0, 0.0, 0.0, 0.0, 0.0, 0.0, 0.0, 0.0, 0.0, 0.0, 0.0, 0.08383175529177739, 0.0733174128933129, 0.1515639532595486, 0.5818181818181818, 1.0, 0.2348999027879219
0.0, 0.0, 0.0, 0.0, 0.0, 1.0, 0.0, 0.0, 0.0, 1.0, 0.0, 0.0, 0.0, 0.0, 0.0, 0.0, 0.0, 0.0, 0.0, 0.0, 0.3072089480698293, 0.3072089480698293, 0.2866767977976773, 0.6727272727272727, 0.0, 0.38069945202292993
0.0, 0.0, 0.0, 0.0, 0.0, 1.0, 0.0, 0.0, 0.0, 0.0, 0.0, 1.0, 0.0, 0.0, 0.0, 0.0, 0.0, 0.0, 0.0, 0.0, 0.11498192362879131, 0.015941984163311173, 0.014876509942804515, 0.2, 0.0, 0.0894469909502742
0.0, 0.0, 0.0, 1.0, 0.0, 0.0, 0.0, 0.0, 0.0, 0.0, 0.0, 0.0, 0.0, 0.0, 1.0, 0.0, 0.0, 0.0, 0.0, 0.0, 0.0025042256712594084, 0.0025042256712594084, 0.002336857050909224, 0.09090909090909091, 1.0, 0.020075842469446537
1.0, 0.0, 0.0, 0.0, 0.0, 0.0, 0.0, 0.0, 0.0, 0.0, 0.0, 1.0, 0.0, 0.0, 0.0, 0.0, 0.0, 0.0, 0.0, 0.0, 0.010777653632702099, 0.19039816741996488, 0.02213159245905574, 0.10181818181818182, 0.0, 0.05944992769031133
0.0, 1.0, 0.0, 0.0, 0.0, 0.0, 0.0, 0.0, 0.0, 0.0, 0.0, 0.0, 0.0, 0.0, 1.0, 0.0, 0.0, 0.0, 0.0, 0.0, 0.053514086630755624, 0.10771290629947987, 0.10051397022588461, 0.14545454545454545, 0.0, 0.030515812834782465
1.0, 0.0, 0.0, 0.0, 0.0, 0.0, 0.0, 0.0, 0.0, 0.0, 0.0, 1.0, 0.0, 0.0, 0.0, 0.0, 0.0, 0.0, 0.0, 0.0, -5.028479416082978E-4, -5.028479416082978E-4, -4.692403609502075E-4, 0.004363636363636364, 0.0, 9.546567071933776E-4
0.0, 0.0, 0.0, 0.0, 0.0, 1.0, 0.0, 0.0, 0.0, 1.0, 0.0, 0.0, 0.0, 0.0, 0.0, 0.0, 0.0, 0.0, 0.0, 0.0, 0.41575469698948925, 0.044571028973174255, 0.13063007351034941, 0.36363636363636365, 0.0, 0.17250474930152007
0.0, 0.0, 0.0, 0.0, 0.0, 1.0, 0.0, 0.0, 0.0, 1.0, 0.0, 0.0, 0.0, 0.0, 0.0, 0.0, 0.0, 0.0, 0.0, 0.0, 0.35324039065419105, 0.1896028928145171, 0.32963175285677593, 0.4727272727272727, 1.0, 0.2394760179736814
1.0, 0.0, 0.0, 0.0, 0.0, 0.0, 0.0, 0.0, 0.0, 1.0, 0.0, 0.0, 0.0, 0.0, 0.0, 0.0, 0.0, 0.0, 0.0, 0.0, 0.10521464350171603, 0.005805859749031232, 0.005417828132194825, 0.05454545454545454, 0.0, 0.025083592226394683
1.0, 0.0, 0.0, 0.0, 0.0, 0.0, 0.0, 0.0, 0.0, 1.0, 0.0, 0.0, 0.0, 0.0, 0.0, 0.0, 0.0, 0.0, 0.0, 0.0, 0.1764169385573654, 0.11332021416384115, 0.16462620421915372, 0.33454545454545453, 1.0, 0.10805616568707974
